sigTILT,Nrev
 0.1353352832366126E-004,25000
dgamma, x, Sx, Sy, Sz
0.3333333333333333E-005,-.5000000000000000E-002,-.1492293857342980,-.4122980371923788E-007,0.9803138248900415
0.3333333333333333E-005,-.3888888888888889E-002,-.1512721363687920,-.2585078519063848E-007,0.9833474756329377
0.3333333333333333E-005,-.2777777777777778E-002,-.1527703936063080,-.1378056187667909E-007,0.9856329218580230
0.3333333333333333E-005,-.1666666666666667E-002,-.1537306819997221,-.5342432524741181E-008,0.9871649752895236
0.3333333333333333E-005,-.5555555555555557E-003,-.1541598420328942,-.7780632091360753E-009,0.9879397081504062
0.3333333333333333E-005,0.5555555555555557E-003,-.1540652467943493,-.2405473240923202E-009,0.9879544655512749
0.3333333333333333E-005,0.1666666666666666E-002,-.1534551954052369,-.3788792159192563E-008,0.9872078423783174
0.3333333333333333E-005,0.2777777777777777E-002,-.1523393629732335,-.1138258862587184E-007,0.9856996469460261
0.3333333333333333E-005,0.3888888888888889E-002,-.1507291904988889,-.2287767268737325E-007,0.9834308734294158
0.3333333333333333E-005,0.5000000000000000E-002,-.1486380937793211,-.3802018993097684E-007,0.9804037044034074
0.6666666666666667E-005,-.5000000000000000E-002,-.1491819563992018,-.4122789310011497E-007,0.9803211451378743
0.6666666666666667E-005,-.3888888888888889E-002,-.1512244126533525,-.2584768990570543E-007,0.9833547937188015
0.6666666666666667E-005,-.2777777777777778E-002,-.1527224293317487,-.1377632109451982E-007,0.9856402384658890
0.6666666666666667E-005,-.1666666666666667E-002,-.1536825301055025,-.5337138312106770E-008,0.9871722919153921
0.6666666666666667E-005,-.5555555555555557E-003,-.1541115531208312,-.7718564062430291E-009,0.9879470272251304
0.6666666666666667E-005,0.5555555555555557E-003,-.1540168682605342,-.2336159493362647E-009,0.9879617904687223
0.6666666666666667E-005,0.1666666666666666E-002,-.1534067711012147,-.3781373137682996E-008,0.9872151774489764
0.6666666666666667E-005,0.2777777777777777E-002,-.1522909333743895,-.1137497307483623E-007,0.9857069972799566
0.6666666666666667E-005,0.3888888888888889E-002,-.1506807934026839,-.2287021445603968E-007,0.9834382447453390
0.6666666666666667E-005,0.5000000000000000E-002,-.1485897655956224,-.3801331650354679E-007,0.9804111027580099
0.9999999999999999E-005,-.5000000000000000E-002,-.1491345206823981,-.4122553877550982E-007,0.9803280261445986
0.9999999999999999E-005,-.3888888888888889E-002,-.1511766836896118,-.2584415093243892E-007,0.9833616708303596
0.9999999999999999E-005,-.2777777777777778E-002,-.1526744607824337,-.1377163782984325E-007,0.9856471127657379
0.9999999999999999E-005,-.1666666666666667E-002,-.1536343747393368,-.5331403719283758E-008,0.9871791653059656
0.9999999999999999E-005,-.5555555555555557E-003,-.1540632613664176,-.7652119540204381E-009,0.9879539025454112
0.9999999999999999E-005,0.5555555555555557E-003,-.1539684873444054,-.2262500391668954E-009,0.9879686715225388
0.9999999999999999E-005,0.1666666666666666E-002,-.1533583447115944,-.3773522848001674E-008,0.9872220689550806
0.9999999999999999E-005,0.2777777777777777E-002,-.1522425018292957,-.1136692945388987E-007,0.9857139047533527
0.9999999999999999E-005,0.3888888888888889E-002,-.1506323943451847,-.2286233106286803E-007,0.9834451743072009
0.9999999999999999E-005,0.5000000000000000E-002,-.1485414352775108,-.3800602031120487E-007,0.9804180608622257
0.1333333333333333E-004,-.5000000000000000E-002,-.1490870860263700,-.4122274124926947E-007,0.9803344667913888
0.1333333333333333E-004,-.3888888888888889E-002,-.1511289569680712,-.2584016884231646E-007,0.9833681058287113
0.1333333333333333E-004,-.2777777777777778E-002,-.1526264954884820,-.1376651275611961E-007,0.9856535436051042
0.1333333333333333E-004,-.1666666666666667E-002,-.1535862234621191,-.5325229544750963E-008,0.9871855942983301
0.1333333333333333E-004,-.5555555555555557E-003,-.1540149743530245,-.7581307890294021E-009,0.9879603329427199
0.1333333333333333E-004,0.5555555555555557E-003,-.1539201116438934,-.2184506722522035E-009,0.9879751075424020
0.1333333333333333E-004,0.1666666666666666E-002,-.1533099238416000,-.3765242506197828E-008,0.9872285157290419
0.1333333333333333E-004,0.2777777777777777E-002,-.1521940759436735,-.1135845910263821E-007,0.9857203682049351
0.1333333333333333E-004,0.3888888888888889E-002,-.1505840009261692,-.2285402394710913E-007,0.9834516609629957
0.1333333333333333E-004,0.5000000000000000E-002,-.1484931104131712,-.3799830285751318E-007,0.9804245775796976
0.1666666666666667E-004,-.5000000000000000E-002,-.1490396598813734,-.4121950102608692E-007,0.9803404659598883
0.1666666666666667E-004,-.3888888888888889E-002,-.1510812399881578,-.2583574420799190E-007,0.9833740975782649
0.1666666666666667E-004,-.2777777777777778E-002,-.1525785409891004,-.1376094654820102E-007,0.9856595298323528
0.1666666666666667E-004,-.1666666666666667E-002,-.1535380838441903,-.5318616588584858E-008,0.9871915777305855
0.1666666666666667E-004,-.5555555555555557E-003,-.1539666996737492,-.7506138496299671E-009,0.9879663172501864
0.1666666666666667E-004,0.5555555555555557E-003,-.1538717487666813,-.2102189292322181E-009,0.9879810973600351
0.1666666666666667E-004,0.1666666666666666E-002,-.1532615161058106,-.3756533330442049E-008,0.9872345166037598
0.1666666666666667E-004,0.2777777777777777E-002,-.1521456633323850,-.1134956336293822E-007,0.9857263864749681
0.1666666666666667E-004,0.3888888888888889E-002,-.1505356207543533,-.2284529455041348E-007,0.9834577035644604
0.1666666666666667E-004,0.5000000000000000E-002,-.1484447985985338,-.3799016564845999E-007,0.9804306517745139
0.2000000000000000E-004,-.5000000000000000E-002,-.1489922497102656,-.4121581861193789E-007,0.9803460225326278
0.2000000000000000E-004,-.3888888888888889E-002,-.1510335402621636,-.2583087760363825E-007,0.9833796449414057
0.2000000000000000E-004,-.2777777777777778E-002,-.1525306048372871,-.1375493988277888E-007,0.9856650702963150
0.2000000000000000E-004,-.1666666666666667E-002,-.1534899634700443,-.5311565652977007E-008,0.9871971144412617
0.2000000000000000E-004,-.5555555555555557E-003,-.1539184449357137,-.7426620765480827E-009,0.9879718542994012
0.2000000000000000E-004,0.5555555555555557E-003,-.1538234063344601,-.2015558933456936E-009,0.9879866398053631
0.2000000000000000E-004,0.1666666666666666E-002,-.1532131291330314,-.3747396541709699E-008,0.9872400704131223
0.2000000000000000E-004,0.2777777777777777E-002,-.1520972716239695,-.1134024357962199E-007,0.9857319584034294
0.2000000000000000E-004,0.3888888888888889E-002,-.1504872614513882,-.2283614431750683E-007,0.9834633009616375
0.2000000000000000E-004,0.5000000000000000E-002,-.1483965074421160,-.3798161019324717E-007,0.9804362823114927
0.2333333333333333E-004,-.5000000000000000E-002,-.1489448629929746,-.4121169451446076E-007,0.9803511353915711
0.2333333333333333E-004,-.3888888888888889E-002,-.1509858653202709,-.2582556960541027E-007,0.9833847467804084
0.2333333333333333E-004,-.2777777777777778E-002,-.1524826946042333,-.1374849343883761E-007,0.9856701638439732
0.2333333333333333E-004,-.1666666666666667E-002,-.1534418699427975,-.5304077542740120E-008,0.9872022032672968
0.2333333333333333E-004,-.5555555555555557E-003,-.1538702177651373,-.7342764134430130E-009,0.9879769429221520
0.2333333333333333E-004,0.5555555555555557E-003,-.1537750919880274,-.1924626510534441E-009,0.9879917337086717
0.2333333333333333E-004,0.1666666666666666E-002,-.1531647705706711,-.3737833364458547E-008,0.9872451759891885
0.2333333333333333E-004,0.2777777777777777E-002,-.1520489084653096,-.1133050110122015E-007,0.9857370828290800
0.2333333333333333E-004,0.3888888888888889E-002,-.1504389306567863,-.2282657469699143E-007,0.9834684520037168
0.2333333333333333E-004,0.5000000000000000E-002,-.1483482445697229,-.3797263800507199E-007,0.9804414680554256
0.2666666666666667E-004,-.5000000000000000E-002,-.1488975072311308,-.4120712924336019E-007,0.9803558034175434
0.2666666666666667E-004,-.3888888888888889E-002,-.1509382227153042,-.2581982079189223E-007,0.9833894019572320
0.2666666666666667E-004,-.2777777777777778E-002,-.1524348178843932,-.1374160789813637E-007,0.9856748093223454
0.2666666666666667E-004,-.1666666666666667E-002,-.1533938108891240,-.5296153065822008E-008,0.9872068430450557
0.2666666666666667E-004,-.5555555555555557E-003,-.1538220258118300,-.7254578074731163E-009,0.9879815819486788
0.2666666666666667E-004,0.5555555555555557E-003,-.1537268133917633,-.1829402926628419E-009,0.9879963778984577
0.2666666666666667E-004,0.1666666666666666E-002,-.1531164480897306,-.3727845027306688E-008,0.9872498321634178
0.2666666666666667E-004,0.2777777777777777E-002,-.1520005815265240,-.1132033728069770E-007,0.9857417585901207
0.2666666666666667E-004,0.3888888888888889E-002,-.1503906360329189,-.2281658714213213E-007,0.9834731555403928
0.2666666666666667E-004,0.5000000000000000E-002,-.1483000176290063,-.3796325060188450E-007,0.9804462078695941
