sigTILT,Nrev
 0.1353352832366127E-003,25000
dgamma, x, Sx, Sy, Sz
0.3333333333333333E-005,-.5000000000000000E-002,-.1492261381994739,0.3913672218882543E-006,0.9803143162782119
0.3333333333333333E-005,-.3888888888888889E-002,-.1512701603614844,0.2359967077789985E-006,0.9833477780660824
0.3333333333333333E-005,-.2777777777777778E-002,-.1527693776408780,0.1188435679853651E-006,0.9856330786443750
0.3333333333333333E-005,-.1666666666666667E-002,-.1537303108009594,0.4120370301498466E-007,0.9871650328750899
0.3333333333333333E-005,-.5555555555555557E-003,-.1541597979539653,0.3698615456399970E-008,0.9879397150054419
0.3333333333333333E-005,0.5555555555555557E-003,-.1540652111937351,0.6248081661427407E-008,0.9879544710799304
0.3333333333333333E-005,0.1666666666666666E-002,-.1534548499810350,0.4803031114596897E-007,0.9872078958555868
0.3333333333333333E-005,0.2777777777777777E-002,-.1523383910500438,0.1274388868039626E-006,0.9856997964898653
0.3333333333333333E-005,0.3888888888888889E-002,-.1507272782577934,0.2420456177100701E-006,0.9834311650200578
0.3333333333333333E-005,0.5000000000000000E-002,-.1486349314163722,0.3885794170956696E-006,0.9804041809600628
0.6666666666666667E-005,-.5000000000000000E-002,-.1491771583368621,0.3913625557170883E-006,0.9803218679286451
0.6666666666666667E-005,-.3888888888888889E-002,-.1512208955012510,0.2359988738534603E-006,0.9833553311408246
0.6666666666666667E-005,-.2777777777777778E-002,-.1527198791924366,0.1188502702766846E-006,0.9856406328762637
0.6666666666666667E-005,-.1666666666666667E-002,-.1536806292759760,0.4121298686584590E-007,0.9871725888234283
0.6666666666666667E-005,-.5555555555555557E-003,-.1541099815164844,0.3709011302088667E-008,0.9879472741776062
0.6666666666666667E-005,0.5555555555555557E-003,-.1540153047998462,0.6258697682137405E-008,0.9879620359599578
0.6666666666666667E-005,0.1666666666666666E-002,-.1534048950494475,0.4804088329808753E-007,0.9872154698578903
0.6666666666666667E-005,0.2777777777777777E-002,-.1522884256418059,0.1274497893814591E-006,0.9857073838441639
0.6666666666666667E-005,0.3888888888888889E-002,-.1506773377874676,0.2420578315096442E-006,0.9834387705829308
0.6666666666666667E-005,0.5000000000000000E-002,-.1485850499566551,0.3885944465068281E-006,0.9804118099470386
0.9999999999999999E-005,-.5000000000000000E-002,-.1491281707041742,0.3913585806473758E-006,0.9803289840839021
0.9999999999999999E-005,-.3888888888888889E-002,-.1511716241068682,0.2360017138162563E-006,0.9833624469872912
0.9999999999999999E-005,-.2777777777777778E-002,-.1526703752605625,0.1188576273930272E-006,0.9856477485460859
0.9999999999999999E-005,-.1666666666666667E-002,-.1536309431217990,0.4122290446738690E-007,0.9871797052817826
0.9999999999999999E-005,-.5555555555555557E-003,-.1540601611049874,0.3720017063059762E-008,0.9879543933403617
0.9999999999999999E-005,0.5555555555555557E-003,-.1539653948915089,0.6269895953941235E-008,0.9879691607207804
0.9999999999999999E-005,0.1666666666666666E-002,-.1533549368736798,0.4805200508700554E-007,0.9872226040396556
0.9999999999999999E-005,0.2777777777777777E-002,-.1522384570763806,0.1274612031189250E-006,0.9857145320814521
0.9999999999999999E-005,0.3888888888888889E-002,-.1506273940668070,0.2420705116974397E-006,0.9834459381342737
0.9999999999999999E-005,0.5000000000000000E-002,-.1485351649700917,0.3886098915754032E-006,0.9804190024251940
0.1333333333333333E-004,-.5000000000000000E-002,-.1490791834538905,0.3913552965928698E-006,0.9803356635162556
0.1333333333333333E-004,-.3888888888888889E-002,-.1511223543808290,0.2360052269339617E-006,0.9833691243566984
0.1333333333333333E-004,-.2777777777777778E-002,-.1526208740886930,0.1188656383645150E-006,0.9856544243897477
0.1333333333333333E-004,-.1666666666666667E-002,-.1535812606136935,0.4123345492233482E-007,0.9871863809754672
0.1333333333333333E-004,-.5555555555555557E-003,-.1540103450176871,0.3731632108320624E-008,0.9879610712127646
0.1333333333333333E-004,0.5555555555555557E-003,-.1539154897815707,0.6281676183201324E-008,0.9879758440799461
0.1333333333333333E-004,0.1666666666666666E-002,-.1533049837734471,0.4806367650286298E-007,0.9872292971215364
0.1333333333333333E-004,0.2777777777777777E-002,-.1521884936730616,0.1274731281141600E-006,0.9857212399293438
0.1333333333333333E-004,0.3888888888888889E-002,-.1505774554078982,0.2420836581868869E-006,0.9834526664127222
0.1333333333333333E-004,0.5000000000000000E-002,-.1484852847552267,0.3886257516354834E-006,0.9804257571496974
0.1666666666666667E-004,-.5000000000000000E-002,-.1490302047460565,0.3913527034631015E-006,0.9803419049992713
0.1666666666666667E-004,-.3888888888888889E-002,-.1510730945339828,0.2360094124671487E-006,0.9833753620027077
0.1666666666666667E-004,-.2777777777777778E-002,-.1525713839291225,0.1188743022142680E-006,0.9856606591452756
0.1666666666666667E-004,-.1666666666666667E-002,-.1535315900359350,0.4124463732618942E-007,0.9871926146307947
0.1666666666666667E-004,-.5555555555555557E-003,-.1539605415621525,0.3743855799819951E-008,0.9879673065160969
0.1666666666666667E-004,0.5555555555555557E-003,-.1538655977922383,0.6294038069584915E-008,0.9879820847573700
0.1666666666666667E-004,0.1666666666666666E-002,-.1532550440773844,0.4807589752940746E-007,0.9872355478248088
0.1666666666666667E-004,0.2777777777777777E-002,-.1521385437599344,0.1274855644585171E-006,0.9857275061175443
0.1666666666666667E-004,0.3888888888888889E-002,-.1505275301311817,0.2420972708843809E-006,0.9834589541596649
0.1666666666666667E-004,0.5000000000000000E-002,-.1484354176180243,0.3886420260123081E-006,0.9804320728765543
0.2000000000000000E-004,-.5000000000000000E-002,-.1489812427525773,0.3913508011640357E-006,0.9803477073066532
0.2000000000000000E-004,-.3888888888888889E-002,-.1510238527897916,0.2360142696705342E-006,0.9833811586790882
0.2000000000000000E-004,-.2777777777777778E-002,-.1525219130470759,0.1188836179580399E-006,0.9856664515498210
0.2000000000000000E-004,-.1666666666666667E-002,-.1534819396863511,0.4125645076654718E-007,0.9871984049750293
0.2000000000000000E-004,-.5555555555555557E-003,-.1539107590593267,0.3756687491520843E-008,0.9879730979702513
0.2000000000000000E-004,0.5555555555555557E-003,-.1538157272590317,0.6306981304924658E-008,0.9879878814711812
0.2000000000000000E-004,0.1666666666666666E-002,-.1532051261278235,0.4808866814260140E-007,0.9872413548725852
0.2000000000000000E-004,0.2777777777777777E-002,-.1520886156780937,0.1274985122351524E-006,0.9857333293753360
0.2000000000000000E-004,0.3888888888888889E-002,-.1504776265697062,0.2421113496869840E-006,0.9834648001165885
0.2000000000000000E-004,0.5000000000000000E-002,-.1483855718765054,0.3886587140199314E-006,0.9804379483629238
0.2333333333333333E-004,-.5000000000000000E-002,-.1489323056618983,0.3913495895991848E-006,0.9803530692133281
0.2333333333333333E-004,-.3888888888888889E-002,-.1509746373885668,0.2360197977928351E-006,0.9833865131383974
0.2333333333333333E-004,-.2777777777777778E-002,-.1524724697255593,0.1188935846041375E-006,0.9856718003416806
0.2333333333333333E-004,-.1666666666666667E-002,-.1534323178806000,0.4126889432241621E-007,0.9872037507343964
0.2333333333333333E-004,-.5555555555555557E-003,-.1538610058484247,0.3770126528506732E-008,0.9879784442959259
0.2333333333333333E-004,0.5555555555555557E-003,-.1537658865358442,0.6320505572099641E-008,0.9879932329408526
0.2333333333333333E-004,0.1666666666666666E-002,-.1531552382847811,0.4810198830921274E-007,0.9872467169859882
0.2333333333333333E-004,0.2777777777777777E-002,-.1520387177863568,0.1275119715174176E-006,0.9857387084324876
0.2333333333333333E-004,0.3888888888888889E-002,-.1504277530734813,0.2421258944803220E-006,0.9834702030239999
0.2333333333333333E-004,0.5000000000000000E-002,-.1483357558652657,0.3886758149584620E-006,0.9804433823665397
0.2666666666666667E-004,-.5000000000000000E-002,-.1488834016829048,0.3913490686696727E-006,0.9803579894914854
0.2666666666666667E-004,-.3888888888888889E-002,-.1509254565922376,0.2360259960772591E-006,0.9833914241332988
0.2666666666666667E-004,-.2777777777777778E-002,-.1524230622692563,0.1189042011525703E-006,0.9856767042559551
0.2666666666666667E-004,-.1666666666666667E-002,-.1533827329566708,0.4128196706356549E-007,0.9872086506339429
0.2666666666666667E-004,-.5555555555555557E-003,-.1538112902910953,0.3784172246055554E-008,0.9879833442118396
0.2666666666666667E-004,0.5555555555555557E-003,-.1537160839989148,0.6334610543891830E-008,0.9879981378833388
0.2666666666666667E-004,0.1666666666666666E-002,-.1531053889307901,0.4811585798547409E-007,0.9872516328857708
0.2666666666666667E-004,0.2777777777777777E-002,-.1519888584654212,0.1275259423669179E-006,0.9857436420163451
0.2666666666666667E-004,0.3888888888888889E-002,-.1503779180142724,0.2421409051363699E-006,0.9834751616223515
0.2666666666666667E-004,0.5000000000000000E-002,-.1482859779395846,0.3886933281105930E-006,0.9804483736428011
