sigTILT,Nrev
 0.0000000000000000E+000,25000
dgamma, x, Sx, Sy, Sz
0.3333333333333333E-005,-.5000000000000000E-002,-.1492293857655908,0.0000000000000000E+000,0.9803138248845714
0.3333333333333333E-005,-.3888888888888889E-002,-.1512721363923418,0.0000000000000000E+000,0.9833474756288476
0.3333333333333333E-005,-.2777777777777778E-002,-.1527703936226403,0.0000000000000000E+000,0.9856329218552626
0.3333333333333333E-005,-.1666666666666667E-002,-.1537306820093093,0.0000000000000000E+000,0.9871649752879359
0.3333333333333333E-005,-.5555555555555557E-003,-.1541598420360570,0.0000000000000000E+000,0.9879397081499264
0.3333333333333333E-005,0.5555555555555557E-003,-.1540652467911933,0.0000000000000000E+000,0.9879544655517861
0.3333333333333333E-005,0.1666666666666666E-002,-.1534551953956286,0.0000000000000000E+000,0.9872078423797368
0.3333333333333333E-005,0.2777777777777777E-002,-.1523393629568459,0.0000000000000000E+000,0.9856996469483220
0.3333333333333333E-005,0.3888888888888889E-002,-.1507291904752392,0.0000000000000000E+000,0.9834308734326330
0.3333333333333333E-005,0.5000000000000000E-002,-.1486380937478640,0.0000000000000000E+000,0.9804037044074821
0.6666666666666667E-005,-.5000000000000000E-002,-.1491819564304887,0.0000000000000000E+000,0.9803211451324374
0.6666666666666667E-005,-.3888888888888889E-002,-.1512244126769026,0.0000000000000000E+000,0.9833547937148038
0.6666666666666667E-005,-.2777777777777778E-002,-.1527224293480808,0.0000000000000000E+000,0.9856402384631473
0.6666666666666667E-005,-.1666666666666667E-002,-.1536825301150883,0.0000000000000000E+000,0.9871722919138287
0.6666666666666667E-005,-.5555555555555557E-003,-.1541115531239894,0.0000000000000000E+000,0.9879470272246157
0.6666666666666667E-005,0.5555555555555557E-003,-.1540168682573761,0.0000000000000000E+000,0.9879617904692110
0.6666666666666667E-005,0.1666666666666666E-002,-.1534067710916116,0.0000000000000000E+000,0.9872151774503781
0.6666666666666667E-005,0.2777777777777777E-002,-.1522909333580124,0.0000000000000000E+000,0.9857069972822740
0.6666666666666667E-005,0.3888888888888889E-002,-.1506807933790446,0.0000000000000000E+000,0.9834382447485566
0.6666666666666667E-005,0.5000000000000000E-002,-.1485897655641820,0.0000000000000000E+000,0.9804111027621176
0.9999999999999999E-005,-.5000000000000000E-002,-.1491345207136746,0.0000000000000000E+000,0.9803280261391395
0.9999999999999999E-005,-.3888888888888889E-002,-.1511766837131512,0.0000000000000000E+000,0.9833616708263263
0.9999999999999999E-005,-.2777777777777778E-002,-.1526744607987585,0.0000000000000000E+000,0.9856471127629911
0.9999999999999999E-005,-.1666666666666667E-002,-.1536343747489216,0.0000000000000000E+000,0.9871791653044176
0.9999999999999999E-005,-.5555555555555557E-003,-.1540632613695788,0.0000000000000000E+000,0.9879539025449212
0.9999999999999999E-005,0.5555555555555557E-003,-.1539684873412470,0.0000000000000000E+000,0.9879686715230004
0.9999999999999999E-005,0.1666666666666666E-002,-.1533583447019935,0.0000000000000000E+000,0.9872220689564707
0.9999999999999999E-005,0.2777777777777777E-002,-.1522425018129293,0.0000000000000000E+000,0.9857139047556862
0.9999999999999999E-005,0.3888888888888889E-002,-.1506323943215494,0.0000000000000000E+000,0.9834451743103571
0.9999999999999999E-005,0.5000000000000000E-002,-.1485414352460852,0.0000000000000000E+000,0.9804180608663515
0.1333333333333333E-004,-.5000000000000000E-002,-.1490870860576393,0.0000000000000000E+000,0.9803344667859722
0.1333333333333333E-004,-.3888888888888889E-002,-.1511289569916056,0.0000000000000000E+000,0.9833681058246984
0.1333333333333333E-004,-.2777777777777778E-002,-.1526264955048005,0.0000000000000000E+000,0.9856535436023515
0.1333333333333333E-004,-.1666666666666667E-002,-.1535862234716985,0.0000000000000000E+000,0.9871855942967696
0.1333333333333333E-004,-.5555555555555557E-003,-.1540149743561835,0.0000000000000000E+000,0.9879603329422244
0.1333333333333333E-004,0.5555555555555557E-003,-.1539201116407370,0.0000000000000000E+000,0.9879751075428910
0.1333333333333333E-004,0.1666666666666666E-002,-.1533099238320079,0.0000000000000000E+000,0.9872285157304427
0.1333333333333333E-004,0.2777777777777777E-002,-.1521940759273116,0.0000000000000000E+000,0.9857203682072615
0.1333333333333333E-004,0.3888888888888889E-002,-.1505840009025455,0.0000000000000000E+000,0.9834516609661842
0.1333333333333333E-004,0.5000000000000000E-002,-.1484931103817483,0.0000000000000000E+000,0.9804245775837817
0.1666666666666667E-004,-.5000000000000000E-002,-.1490396599126410,0.0000000000000000E+000,0.9803404659544882
0.1666666666666667E-004,-.3888888888888889E-002,-.1510812400116825,0.0000000000000000E+000,0.9833740975742495
0.1666666666666667E-004,-.2777777777777778E-002,-.1525785410054163,0.0000000000000000E+000,0.9856595298296215
0.1666666666666667E-004,-.1666666666666667E-002,-.1535380838537619,0.0000000000000000E+000,0.9871915777289977
0.1666666666666667E-004,-.5555555555555557E-003,-.1539666996769075,0.0000000000000000E+000,0.9879663172496962
0.1666666666666667E-004,0.5555555555555557E-003,-.1538717487635243,0.0000000000000000E+000,0.9879810973604802
0.1666666666666667E-004,0.1666666666666666E-002,-.1532615160962212,0.0000000000000000E+000,0.9872345166051422
0.1666666666666667E-004,0.2777777777777777E-002,-.1521456633160242,0.0000000000000000E+000,0.9857263864772503
0.1666666666666667E-004,0.3888888888888889E-002,-.1505356207307435,0.0000000000000000E+000,0.9834577035676780
0.1666666666666667E-004,0.5000000000000000E-002,-.1484447985671165,0.0000000000000000E+000,0.9804306517785913
0.2000000000000000E-004,-.5000000000000000E-002,-.1489922497415173,0.0000000000000000E+000,0.9803460225271841
0.2000000000000000E-004,-.3888888888888889E-002,-.1510335402856726,0.0000000000000000E+000,0.9833796449373443
0.2000000000000000E-004,-.2777777777777778E-002,-.1525306048535863,0.0000000000000000E+000,0.9856650702935318
0.2000000000000000E-004,-.1666666666666667E-002,-.1534899634796144,0.0000000000000000E+000,0.9871971144396670
0.2000000000000000E-004,-.5555555555555557E-003,-.1539184449388682,0.0000000000000000E+000,0.9879718542988851
0.2000000000000000E-004,0.5555555555555557E-003,-.1538234063313053,0.0000000000000000E+000,0.9879866398058246
0.2000000000000000E-004,0.1666666666666666E-002,-.1532131291234505,0.0000000000000000E+000,0.9872400704145304
0.2000000000000000E-004,0.2777777777777777E-002,-.1520972716076139,0.0000000000000000E+000,0.9857319584056851
0.2000000000000000E-004,0.3888888888888889E-002,-.1504872614277824,0.0000000000000000E+000,0.9834633009648230
0.2000000000000000E-004,0.5000000000000000E-002,-.1483965074107086,0.0000000000000000E+000,0.9804362823155475
0.2333333333333333E-004,-.5000000000000000E-002,-.1489448630242154,0.0000000000000000E+000,0.9803511353861091
0.2333333333333333E-004,-.3888888888888889E-002,-.1509858653437817,0.0000000000000000E+000,0.9833847467763634
0.2333333333333333E-004,-.2777777777777778E-002,-.1524826946205356,0.0000000000000000E+000,0.9856701638412453
0.2333333333333333E-004,-.1666666666666667E-002,-.1534418699523694,0.0000000000000000E+000,0.9872022032657444
0.2333333333333333E-004,-.5555555555555557E-003,-.1538702177682875,0.0000000000000000E+000,0.9879769429216277
0.2333333333333333E-004,0.5555555555555557E-003,-.1537750919848793,0.0000000000000000E+000,0.9879917337091539
0.2333333333333333E-004,0.1666666666666666E-002,-.1531647705610920,0.0000000000000000E+000,0.9872451759905817
0.2333333333333333E-004,0.2777777777777777E-002,-.1520489084489705,0.0000000000000000E+000,0.9857370828313933
0.2333333333333333E-004,0.3888888888888889E-002,-.1504389306331919,0.0000000000000000E+000,0.9834684520069173
0.2333333333333333E-004,0.5000000000000000E-002,-.1483482445383294,0.0000000000000000E+000,0.9804414680594795
0.2666666666666667E-004,-.5000000000000000E-002,-.1488975072623713,0.0000000000000000E+000,0.9803558034121479
0.2666666666666667E-004,-.3888888888888889E-002,-.1509382227388111,0.0000000000000000E+000,0.9833894019532446
0.2666666666666667E-004,-.2777777777777778E-002,-.1524348179006926,0.0000000000000000E+000,0.9856748093196239
0.2666666666666667E-004,-.1666666666666667E-002,-.1533938108986887,0.0000000000000000E+000,0.9872068430434903
0.2666666666666667E-004,-.5555555555555557E-003,-.1538220258149866,0.0000000000000000E+000,0.9879815819481697
0.2666666666666667E-004,0.5555555555555557E-003,-.1537268133886172,0.0000000000000000E+000,0.9879963778989508
0.2666666666666667E-004,0.1666666666666666E-002,-.1531164480801654,0.0000000000000000E+000,0.9872498321648787
0.2666666666666667E-004,0.2777777777777777E-002,-.1520005815101946,0.0000000000000000E+000,0.9857417585924606
0.2666666666666667E-004,0.3888888888888889E-002,-.1503906360093413,0.0000000000000000E+000,0.9834731555436331
0.2666666666666667E-004,0.5000000000000000E-002,-.1483000175976217,0.0000000000000000E+000,0.9804462078736637
