sigTILT,Nrev
 0.1353352832366126E-002,25000
dgamma, x, Sx, Sy, Sz
0.3333333333333333E-005,-.5000000000000000E-002,-.1492163171601805,0.3232096818418860E-005,0.9803158705956750
0.3333333333333333E-005,-.3888888888888889E-002,-.1512627718611201,0.1924874176386171E-005,0.9833489503186117
0.3333333333333333E-005,-.2777777777777778E-002,-.1527642562549341,0.9521390086279105E-006,0.9856338905442931
0.3333333333333333E-005,-.1666666666666667E-002,-.1537273067860713,0.3184962398855913E-006,0.9871655071908455
0.3333333333333333E-005,-.5555555555555557E-003,-.1541588088202118,0.2294856125323887E-007,0.9879398700807128
0.3333333333333333E-005,0.5555555555555557E-003,-.1540662000651575,0.5839954396505073E-007,0.9879543175763791
0.3333333333333333E-005,0.1666666666666666E-002,-.1534578516823792,0.4109269388867597E-006,0.9872074356891790
0.3333333333333333E-005,0.2777777777777777E-002,-.1523435062673093,0.1058983006909002E-005,0.9856990239146742
0.3333333333333333E-005,0.3888888888888889E-002,-.1507346553700426,0.1972673218972155E-005,0.9834300698285439
0.3333333333333333E-005,0.5000000000000000E-002,-.1486447349850341,0.3113278447440653E-005,0.9804027537569580
0.6666666666666667E-005,-.5000000000000000E-002,-.1491673400461853,0.3232319911921628E-005,0.9803234212775240
0.6666666666666667E-005,-.3888888888888889E-002,-.1512135095176243,0.1925182905838003E-005,0.9833565025909295
0.6666666666666667E-005,-.2777777777777778E-002,-.1527147598017685,0.9525033658613286E-006,0.9856414441783767
0.6666666666666667E-005,-.1666666666666667E-002,-.1536776265373232,0.3188912466019510E-006,0.9871730627709957
0.6666666666666667E-005,-.5555555555555557E-003,-.1541089928252516,0.2335631034941244E-007,0.9879474291280701
0.6666666666666667E-005,0.5555555555555557E-003,-.1540162932418552,0.5881044802776070E-007,0.9879618825791587
0.6666666666666667E-005,0.1666666666666666E-002,-.1534078954854073,0.4113403226115850E-006,0.9872150100575465
0.6666666666666667E-005,0.2777777777777777E-002,-.1522935388702572,0.1059407096750544E-005,0.9857066118650244
0.6666666666666667E-005,0.3888888888888889E-002,-.1506847123832679,0.1973124488562603E-005,0.9834376761937051
0.6666666666666667E-005,0.5000000000000000E-002,-.1485948507697339,0.3113780188470461E-005,0.9804103837161132
0.9999999999999999E-005,-.5000000000000000E-002,-.1491183551588069,0.3232546222276809E-005,0.9803305364656434
0.9999999999999999E-005,-.3888888888888889E-002,-.1511642406354290,0.1925494393488258E-005,0.9833636176363576
0.9999999999999999E-005,-.2777777777777778E-002,-.1526652578608849,0.9528700140555298E-006,0.9856485592517333
0.9999999999999999E-005,-.1666666666666667E-002,-.1536279416564091,0.3192880675329802E-006,0.9871801788620609
0.9999999999999999E-005,-.5555555555555557E-003,-.1540591728552537,0.2376537608972229E-007,0.9879545481662181
0.9999999999999999E-005,0.5555555555555557E-003,-.1539663829052626,0.5922213313316651E-007,0.9879690074623615
0.9999999999999999E-005,0.1666666666666666E-002,-.1533579360473991,0.4117538950040912E-006,0.9872221446045144
0.9999999999999999E-005,0.2777777777777777E-002,-.1522435683205028,0.1059830710134182E-005,0.9857137606970653
0.9999999999999999E-005,0.3888888888888889E-002,-.1506347661509505,0.1973574535028501E-005,0.9834448445458082
0.9999999999999999E-005,0.5000000000000000E-002,-.1485449630311756,0.3114279881228513E-005,0.9804175771648642
0.1333333333333333E-004,-.5000000000000000E-002,-.1490693706500199,0.3232775696256754E-005,0.9803372149323826
0.1333333333333333E-004,-.3888888888888889E-002,-.1511149734166018,0.1925808575202715E-005,0.9833702942063994
0.1333333333333333E-004,-.2777777777777778E-002,-.1526157586753860,0.9532388842549407E-006,0.9856552345002167
0.1333333333333333E-004,-.1666666666666667E-002,-.1535782604183894,0.3196866335340574E-006,0.9871868541893749
0.1333333333333333E-004,-.5555555555555557E-003,-.1540093572083670,0.2417569206801102E-007,0.9879612259143288
0.1333333333333333E-004,0.5555555555555557E-003,-.1539164773683336,0.5963453670486637E-007,0.9879756909437640
0.1333333333333333E-004,0.1666666666666666E-002,-.1533079816882729,0.4121675965359520E-006,0.9872288380506703
0.1333333333333333E-004,0.2777777777777777E-002,-.1521936029376887,0.1060253787968590E-005,0.9857204691383900
0.1333333333333333E-004,0.3888888888888889E-002,-.1505848249855888,0.1974023295402502E-005,0.9834515736234724
0.1333333333333333E-004,0.5000000000000000E-002,-.1484950800683512,0.3114777453104793E-005,0.9804243328584377
0.1666666666666667E-004,-.5000000000000000E-002,-.1490203946794077,0.3233008280499582E-005,0.9803434554513567
0.1666666666666667E-004,-.3888888888888889E-002,-.1510657160715580,0.1926125386698979E-005,0.9833765310546352
0.1666666666666667E-004,-.2777777777777778E-002,-.1525662704971961,0.9536099073586919E-006,0.9856614686618985
0.1666666666666667E-004,-.1666666666666667E-002,-.1535285911072785,0.3200868753303282E-006,0.9871930874790300
0.1666666666666667E-004,-.5555555555555557E-003,-.1539595541920750,0.2458719177105156E-007,0.9879674610936167
0.1666666666666667E-004,0.5555555555555557E-003,-.1538665849533033,0.6004759608662730E-007,0.9879819317429014
0.1666666666666667E-004,0.1666666666666666E-002,-.1532580407369339,0.4125813676256438E-006,0.9872350891174811
0.1666666666666667E-004,0.2777777777777777E-002,-.1521436510502381,0.1060676271130196E-005,0.9857267359185949
0.1666666666666667E-004,0.3888888888888889E-002,-.1505348972080457,0.1974470706698599E-005,0.9834578621677691
0.1666666666666667E-004,0.5000000000000000E-002,-.1484452101877333,0.3115272831465962E-005,0.9804306495527128
0.2000000000000000E-004,-.5000000000000000E-002,-.1489714354184136,0.3233243921495132E-005,0.9803492567964839
0.2000000000000000E-004,-.3888888888888889E-002,-.1510164768233034,0.1926444763526755E-005,0.9833823269348984
0.2000000000000000E-004,-.2777777777777778E-002,-.1525168015912233,0.9539830140939712E-006,0.9856672604741618
0.2000000000000000E-004,-.1666666666666667E-002,-.1534789420207570,0.3204887234872689E-006,0.9871988774588573
0.2000000000000000E-004,-.5555555555555557E-003,-.1539097721272804,0.2499980854603173E-007,0.9879732524242549
0.2000000000000000E-004,0.5555555555555557E-003,-.1538167139958060,0.6046124850681495E-007,0.9879877285782053
0.2000000000000000E-004,0.1666666666666666E-002,-.1532081215358531,0.4129951485995401E-006,0.9872408965275794
0.2000000000000000E-004,0.2777777777777777E-002,-.1520937209995963,0.1061098100420028E-005,0.9857325597669150
0.2000000000000000E-004,0.3888888888888889E-002,-.1504849911518363,0.1974916705862522E-005,0.9834637089204812
0.2000000000000000E-004,0.5000000000000000E-002,-.1483953617077856,0.3115765943603306E-005,0.9804365260045198
0.2333333333333333E-004,-.5000000000000000E-002,-.1489225010550301,0.3233482565577019E-005,0.9803546177429744
0.2333333333333333E-004,-.3888888888888889E-002,-.1509672639117445,0.1926766641045909E-005,0.9833876805999839
0.2333333333333333E-004,-.2777777777777778E-002,-.1524673602400822,0.9543581349924546E-006,0.9856726086750670
0.2333333333333333E-004,-.1666666666666667E-002,-.1534293214741651,0.3208921083802628E-006,0.9872042228544807
0.2333333333333333E-004,-.5555555555555557E-003,-.1538600193530837,0.2541347556758170E-007,0.9879785986265684
0.2333333333333333E-004,0.5555555555555557E-003,-.1537668728497852,0.6087543104318800E-007,0.9879930801689457
0.2333333333333333E-004,0.1666666666666666E-002,-.1531582324453316,0.4134088796537143E-006,0.9872462590024033
0.2333333333333333E-004,0.2777777777777777E-002,-.1520438211449248,0.1061519216523234E-005,0.9857379394130538
0.2333333333333333E-004,0.3888888888888889E-002,-.1504351151673683,0.1975361229721358E-005,0.9834691126214427
0.2333333333333333E-004,0.5000000000000000E-002,-.1483455429635968,0.3116256716676429E-005,0.9804419609715211
0.2666666666666667E-004,-.5000000000000000E-002,-.1488735997976172,0.3233724158904830E-005,0.9803595370629623
0.2666666666666667E-004,-.3888888888888889E-002,-.1509180855984021,0.1927090954411628E-005,0.9833925908029429
0.2666666666666667E-004,-.2777777777777778E-002,-.1524179547481926,0.9547352003628237E-006,0.9856775120004069
0.2666666666666667E-004,-.1666666666666667E-002,-.1533797378053619,0.3212969601651674E-006,0.9872091223915638
0.2666666666666667E-004,-.5555555555555557E-003,-.1538103042310475,0.2582812580512204E-007,0.9879834984194183
0.2666666666666667E-004,0.5555555555555557E-003,-.1537170698915604,0.6129008058756794E-007,0.9879979852321000
0.2666666666666667E-004,0.1666666666666666E-002,-.1531083818480933,0.4138225008160457E-006,0.9872511752624995
0.2666666666666667E-004,0.2777777777777777E-002,-.1519939598672391,0.1061939559964956E-005,0.9857428735840877
0.2666666666666667E-004,0.3888888888888889E-002,-.1503852776268806,0.1975804214941577E-005,0.9834740720114066
0.2666666666666667E-004,0.5000000000000000E-002,-.1482957623109142,0.3116745077652129E-005,0.9804469532088476
