sigTILT,Nrev
 0.1353352832366127E-001,25000
dgamma, x, Sx, Sy, Sz
0.3333333333333333E-005,-.5000000000000000E-002,-.1489086688284116,0.3945269874459455E-004,0.9803642289189396
0.3333333333333333E-005,-.3888888888888889E-002,-.1510263535083169,0.2447643654598606E-004,0.9833862417656570
0.3333333333333333E-005,-.2777777777777778E-002,-.1525975167206261,0.1298261959814019E-004,0.9856602046987872
0.3333333333333333E-005,-.1666666666666667E-002,-.1536282390418461,0.5071781455805999E-005,0.9871811042729841
0.3333333333333333E-005,-.5555555555555557E-003,-.1541259329711770,0.7860241327250389E-006,0.9879450191461198
0.3333333333333333E-005,0.5555555555555557E-003,-.1540991463810797,0.1100001843223205E-006,0.9879491980519371
0.3333333333333333E-005,0.1666666666666666E-002,-.1535575539775172,0.2970723635940027E-005,0.9871921044472124
0.3333333333333333E-005,0.2777777777777777E-002,-.1525120099316533,0.9237131597961213E-005,0.9856734475810371
0.3333333333333333E-005,0.3888888888888889E-002,-.1509745334685606,0.1872035155178149E-004,0.9833942204283808
0.3333333333333333E-005,0.5000000000000000E-002,-.1489580994636612,0.3117567762889226E-004,0.9803567635133719
0.6666666666666667E-005,-.5000000000000000E-002,-.1488612788664042,0.3944433877914257E-004,0.9803715255842089
0.6666666666666667E-005,-.3888888888888889E-002,-.1509786722883389,0.2446845578646995E-004,0.9833935397628465
0.6666666666666667E-005,-.2777777777777778E-002,-.1525495886506035,0.1297506170463811E-004,0.9856675061249603
0.6666666666666667E-005,-.1666666666666667E-002,-.1535801104898337,0.5064691864132230E-005,0.9871884115758263
0.6666666666666667E-005,-.5555555555555557E-003,-.1540776506656419,0.7794651781159475E-006,0.9879523353031359
0.6666666666666667E-005,0.5555555555555557E-003,-.1540507564223681,0.1040611002126565E-006,0.9879565266395910
0.6666666666666667E-005,0.1666666666666666E-002,-.1535091014553631,0.2965525596282684E-005,0.9871994496137361
0.6666666666666667E-005,0.2777777777777777E-002,-.1524635391443604,0.9232827852173332E-005,0.9856808139213403
0.6666666666666667E-005,0.3888888888888889E-002,-.1509260887505360,0.1871712250616186E-004,0.9834016127620556
0.6666666666666667E-005,0.5000000000000000E-002,-.1489097266318875,0.3117372057773480E-004,0.9803641865662156
0.9999999999999999E-005,-.5000000000000000E-002,-.1488138826280289,0.3943551975922821E-004,0.9803783830151748
0.9999999999999999E-005,-.3888888888888889E-002,-.1509309858426385,0.2446001485110378E-004,0.9834003968014132
0.9999999999999999E-005,-.2777777777777778E-002,-.1525016562900172,0.1296704202000629E-004,0.9856743652598463
0.9999999999999999E-005,-.1666666666666667E-002,-.1535319784443726,0.5057138465032064E-005,0.9871952756555927
0.9999999999999999E-005,-.5555555555555557E-003,-.1540293655103611,0.7724400449643307E-006,0.9879592077094562
0.9999999999999999E-005,0.5555555555555557E-003,-.1540023640948798,0.9765313170768384E-007,0.9879634113577730
0.9999999999999999E-005,0.1666666666666666E-002,-.1534606468756414,0.2959855648197642E-005,0.9872063512011703
0.9999999999999999E-005,0.2777777777777777E-002,-.1524150664336548,0.9228048892296289E-005,0.9856877373810263
0.9999999999999999E-005,0.3888888888888889E-002,-.1508776420564362,0.1871341473925870E-004,0.9834085633215810
0.9999999999999999E-005,0.5000000000000000E-002,-.1488613515687447,0.3117128124258590E-004,0.9803711693566597
0.1333333333333333E-004,-.5000000000000000E-002,-.1487664875474084,0.3942624292139586E-004,0.9803848000960870
0.1333333333333333E-004,-.3888888888888889E-002,-.1508833016529418,0.2445111482677917E-004,0.9834068117454852
0.1333333333333333E-004,-.2777777777777778E-002,-.1524537271613819,0.1295856150104927E-004,0.9856807809534129
0.1333333333333333E-004,-.1666666666666667E-002,-.1534838504609235,0.5049122101122519E-005,0.9872016953507730
0.1333333333333333E-004,-.5555555555555557E-003,-.1539810850862250,0.7649494719395196E-006,0.9879656351973937
0.1333333333333333E-004,0.5555555555555557E-003,-.1539539769971565,0.9077691688869927E-007,0.9879698510360153
0.1333333333333333E-004,0.1666666666666666E-002,-.1534121978470284,0.2953714325243969E-005,0.9872128080406771
0.1333333333333333E-004,0.2777777777777777E-002,-.1523665994111012,0.9222795136468841E-005,0.9856942167973947
0.1333333333333333E-004,0.3888888888888889E-002,-.1508292009929833,0.1870922853697901E-004,0.9834150709529712
0.1333333333333333E-004,0.5000000000000000E-002,-.1488129818688480,0.3116835975634154E-004,0.9803777107453043
0.1666666666666667E-004,-.5000000000000000E-002,-.1487191010664002,0.3941650950527909E-004,0.9803907757121265
0.1666666666666667E-004,-.3888888888888889E-002,-.1508356272098106,0.2444175680323525E-004,0.9834127834623143
0.1666666666666667E-004,-.2777777777777778E-002,-.1524058087962317,0.1294962110714570E-004,0.9856867520564936
0.1666666666666667E-004,-.1666666666666667E-002,-.1534357341044132,0.5040643617363150E-005,0.9872076695012006
0.1666666666666667E-004,-.5555555555555557E-003,-.1539328169837275,0.7569941998121978E-006,0.9879716166003651
0.1666666666666667E-004,0.5555555555555557E-003,-.1539056027374049,0.8343309568467976E-007,0.9879758445054424
0.1666666666666667E-004,0.1666666666666666E-002,-.1533637619875878,0.2947102162544471E-005,0.9872188189639389
0.1666666666666667E-004,0.2777777777777777E-002,-.1523181456972404,0.9217067004044445E-005,0.9857002510081917
0.1666666666666667E-004,0.3888888888888889E-002,-.1507807731758165,0.1870456418606592E-004,0.9834211345053189
0.1666666666666667E-004,0.5000000000000000E-002,-.1487646251346993,0.3116495625224604E-004,0.9803838095937831
0.2000000000000000E-004,-.5000000000000000E-002,-.1486717306392528,0.3940632075448762E-004,0.9803963087486679
0.2000000000000000E-004,-.3888888888888889E-002,-.1507879700166076,0.2443194187381490E-004,0.9834183108172704
0.2000000000000000E-004,-.2777777777777778E-002,-.1523579087397403,0.1294022180098300E-004,0.9856922774199163
0.2000000000000000E-004,-.1666666666666667E-002,-.1533876369537620,0.5031703861711553E-005,0.9872131969463389
0.2000000000000000E-004,-.5555555555555557E-003,-.1538845688074706,0.7485749720483014E-006,0.9879771507508543
0.2000000000000000E-004,0.5555555555555557E-003,-.1538572489379052,0.7562231039646317E-007,0.9879813905956170
0.2000000000000000E-004,0.1666666666666666E-002,-.1533153469297600,0.2940019697234752E-005,0.9872243828043112
0.2000000000000000E-004,0.2777777777777777E-002,-.1522697129264695,0.9210864915986755E-005,0.9857058388518659
0.2000000000000000E-004,0.3888888888888889E-002,-.1507323662335766,0.1869942197437774E-004,0.9834267528259479
0.2000000000000000E-004,0.5000000000000000E-002,-.1487162889814180,0.3116107086411966E-004,0.9803894647636465
0.2333333333333333E-004,-.5000000000000000E-002,-.1486243837373492,0.3939567791755351E-004,0.9804013980914609
0.2333333333333333E-004,-.3888888888888889E-002,-.1507403375944941,0.2442167113632022E-004,0.9834233926752943
0.2333333333333333E-004,-.2777777777777778E-002,-.1523100345553357,0.1293036454930127E-004,0.9856973558932107
0.2333333333333333E-004,-.1666666666666667E-002,-.1533395666066827,0.5022303685798685E-005,0.9872182765252712
0.2333333333333333E-004,-.5555555555555557E-003,-.1538363481810816,0.7396925354064188E-006,0.9879822364809947
0.2333333333333333E-004,0.5555555555555557E-003,-.1538089232401388,0.6734520622250394E-007,0.9879864881370672
0.2333333333333333E-004,0.1666666666666666E-002,-.1532669603244030,0.2932467468913631E-005,0.9872294983919729
0.2333333333333333E-004,0.2777777777777777E-002,-.1522213087515458,0.9204189295236175E-005,0.9857109791651055
0.2333333333333333E-004,0.3888888888888889E-002,-.1506839878128729,0.1869380219118496E-004,0.9834319247616843
0.2333333333333333E-004,0.5000000000000000E-002,-.1486679810414581,0.3115670372655913E-004,0.9803946751165241
0.2666666666666667E-004,-.5000000000000000E-002,-.1485770678535700,0.3938458224877659E-004,0.9804060426244399
0.2666666666666667E-004,-.3888888888888889E-002,-.1506927374872289,0.2441094569386257E-004,0.9834280279015553
0.2666666666666667E-004,-.2777777777777778E-002,-.1522621938295166,0.1292005032363505E-004,0.9857019863251164
0.2666666666666667E-004,-.1666666666666667E-002,-.1532915306841867,0.5012443945594827E-005,0.9872229070753644
0.2666666666666667E-004,-.5555555555555557E-003,-.1537881627518257,0.7303476405339310E-006,0.9879868726219325
0.2666666666666667E-004,0.5555555555555557E-003,-.1537606333090351,0.5860243178519590E-007,0.9879911359575096
0.2666666666666667E-004,0.1666666666666666E-002,-.1532186098461913,0.2924446020103650E-005,0.9872341645575869
0.2666666666666667E-004,0.2777777777777777E-002,-.1521729408485177,0.9197040567087018E-005,0.9857156707841402
0.2666666666666667E-004,0.3888888888888889E-002,-.1506356455832102,0.1868770512749185E-004,0.9834366491594354
0.2666666666666667E-004,0.5000000000000000E-002,-.1486197089693299,0.3115185497514240E-004,0.9803994395130973
