sigTILT,Nrev
 0.0000000000000000E+000,25000
dgamma, x, Sx, Sy, Sz
0.3333333333333333E-005,-.5000000000000000E-002,-.1492261805014251,0.0000000000000000E+000,0.9803143094503211
0.3333333333333333E-005,-.3888888888888889E-002,-.1512701921642880,0.0000000000000000E+000,0.9833477729394333
0.3333333333333333E-005,-.2777777777777778E-002,-.1527693996729684,0.0000000000000000E+000,0.9856330751100330
0.3333333333333333E-005,-.1666666666666667E-002,-.1537303237189237,0.0000000000000000E+000,0.9871650308203187
0.3333333333333333E-005,-.5555555555555557E-003,-.1541598022065481,0.0000000000000000E+000,0.9879397143371685
0.3333333333333333E-005,0.5555555555555557E-003,-.1540652069425238,0.0000000000000000E+000,0.9879544717382833
0.3333333333333333E-005,0.1666666666666666E-002,-.1534548370744706,0.0000000000000000E+000,0.9872078978190288
0.3333333333333333E-005,0.2777777777777777E-002,-.1523383690487712,0.0000000000000000E+000,0.9856997997712483
0.3333333333333333E-005,0.3888888888888889E-002,-.1507272465126686,0.0000000000000000E+000,0.9834311696518465
0.3333333333333333E-005,0.5000000000000000E-002,-.1486348892044225,0.0000000000000000E+000,0.9804041869721727
0.6666666666666667E-005,-.5000000000000000E-002,-.1491772006268885,0.0000000000000000E+000,0.9803218611049243
0.6666666666666667E-005,-.3888888888888889E-002,-.1512209272931587,0.0000000000000000E+000,0.9833553260175540
0.6666666666666667E-005,-.2777777777777778E-002,-.1527199012159466,0.0000000000000000E+000,0.9856406293445275
0.6666666666666667E-005,-.1666666666666667E-002,-.1536806421884995,0.0000000000000000E+000,0.9871725867702342
0.6666666666666667E-005,-.5555555555555557E-003,-.1541099857672704,0.0000000000000000E+000,0.9879472735098693
0.6666666666666667E-005,0.5555555555555557E-003,-.1540153005506363,0.0000000000000000E+000,0.9879620366177286
0.6666666666666667E-005,0.1666666666666666E-002,-.1534048821485431,0.0000000000000000E+000,0.9872154718197185
0.6666666666666667E-005,0.2777777777777777E-002,-.1522884036493530,0.0000000000000000E+000,0.9857073871228917
0.6666666666666667E-005,0.3888888888888889E-002,-.1506773060534959,0.0000000000000000E+000,0.9834387752112403
0.6666666666666667E-005,0.5000000000000000E-002,-.1485850077569444,0.0000000000000000E+000,0.9804118159549298
0.9999999999999999E-005,-.5000000000000000E-002,-.1491282129822830,0.0000000000000000E+000,0.9803289772643565
0.9999999999999999E-005,-.3888888888888889E-002,-.1511716558879148,0.0000000000000000E+000,0.9833624418674539
0.9999999999999999E-005,-.2777777777777778E-002,-.1526703972754991,0.0000000000000000E+000,0.9856477450168910
0.9999999999999999E-005,-.1666666666666667E-002,-.1536309560288973,0.0000000000000000E+000,0.9871797032301781
0.9999999999999999E-005,-.5555555555555557E-003,-.1540601653539667,0.0000000000000000E+000,0.9879543926730723
0.9999999999999999E-005,0.5555555555555557E-003,-.1539653906443008,0.0000000000000000E+000,0.9879691613780006
0.9999999999999999E-005,0.1666666666666666E-002,-.1533549239784212,0.0000000000000000E+000,0.9872226059998989
0.9999999999999999E-005,0.2777777777777777E-002,-.1522384350927403,0.0000000000000000E+000,0.9857145353576002
0.9999999999999999E-005,0.3888888888888889E-002,-.1506273623439768,0.0000000000000000E+000,0.9834459427591375
0.9999999999999999E-005,0.5000000000000000E-002,-.1485351227826007,0.0000000000000000E+000,0.9804190084287902
0.1333333333333333E-004,-.5000000000000000E-002,-.1490792257201022,0.0000000000000000E+000,0.9803356567008509
0.1333333333333333E-004,-.3888888888888889E-002,-.1511223861510403,0.0000000000000000E+000,0.9833691192403603
0.1333333333333333E-004,-.2777777777777778E-002,-.1526208960950775,0.0000000000000000E+000,0.9856544208630719
0.1333333333333333E-004,-.1666666666666667E-002,-.1535812735153766,0.0000000000000000E+000,0.9871863789254081
0.1333333333333333E-004,-.5555555555555557E-003,-.1540103492648861,0.0000000000000000E+000,0.9879610705460389
0.1333333333333333E-004,0.5555555555555557E-003,-.1539154855363696,0.0000000000000000E+000,0.9879758447366858
0.1333333333333333E-004,0.1666666666666666E-002,-.1533049708838189,0.0000000000000000E+000,0.9872292990801773
0.1333333333333333E-004,0.2777777777777777E-002,-.1521884716982024,0.0000000000000000E+000,0.9857212432028689
0.1333333333333333E-004,0.3888888888888889E-002,-.1505774236961752,0.0000000000000000E+000,0.9834526710340955
0.1333333333333333E-004,0.5000000000000000E-002,-.1484852425799453,0.0000000000000000E+000,0.9804257631491137
0.1666666666666667E-004,-.5000000000000000E-002,-.1490302470003775,0.0000000000000000E+000,0.9803418981879483
0.1666666666666667E-004,-.3888888888888889E-002,-.1510731262933857,0.0000000000000000E+000,0.9833753568897990
0.1666666666666667E-004,-.2777777777777778E-002,-.1525714059269789,0.0000000000000000E+000,0.9856606556211178
0.1666666666666667E-004,-.1666666666666667E-002,-.1535316029322136,0.0000000000000000E+000,0.9871926125822511
0.1666666666666667E-004,-.5555555555555557E-003,-.1539605458075584,0.0000000000000000E+000,0.9879673058498103
0.1666666666666667E-004,0.5555555555555557E-003,-.1538655935490063,0.0000000000000000E+000,0.9879820854133965
0.1666666666666667E-004,0.1666666666666666E-002,-.1532550311933859,0.0000000000000000E+000,0.9872355497819563
0.1666666666666667E-004,0.2777777777777777E-002,-.1521385217938535,0.0000000000000000E+000,0.9857275093885858
0.1666666666666667E-004,0.3888888888888889E-002,-.1505274984305457,0.0000000000000000E+000,0.9834589587775600
0.1666666666666667E-004,0.5000000000000000E-002,-.1484353754549297,0.0000000000000000E+000,0.9804320788718016
0.2000000000000000E-004,-.5000000000000000E-002,-.1489812849950548,0.0000000000000000E+000,0.9803477004995598
0.2000000000000000E-004,-.3888888888888889E-002,-.1510238845383985,0.0000000000000000E+000,0.9833811535695731
0.2000000000000000E-004,-.2777777777777778E-002,-.1525219350364412,0.0000000000000000E+000,0.9856664480282800
0.2000000000000000E-004,-.1666666666666667E-002,-.1534819525772657,0.0000000000000000E+000,0.9871984029281453
0.2000000000000000E-004,-.5555555555555557E-003,-.1539107633029558,0.0000000000000000E+000,0.9879730973044886
0.2000000000000000E-004,0.5555555555555557E-003,-.1538157230177951,0.0000000000000000E+000,0.9879878821267172
0.2000000000000000E-004,0.1666666666666666E-002,-.1532051132494107,0.0000000000000000E+000,0.9872413568280642
0.2000000000000000E-004,0.2777777777777777E-002,-.1520885937207558,0.0000000000000000E+000,0.9857333326438454
0.2000000000000000E-004,0.3888888888888889E-002,-.1504775948801336,0.0000000000000000E+000,0.9834648047310909
0.2000000000000000E-004,0.5000000000000000E-002,-.1483855297255748,0.0000000000000000E+000,0.9804379543539892
0.2333333333333333E-004,-.5000000000000000E-002,-.1489323478925420,0.0000000000000000E+000,0.9803530624103837
0.2333333333333333E-004,-.3888888888888889E-002,-.1509746691264037,0.0000000000000000E+000,0.9833865080322489
0.2333333333333333E-004,-.2777777777777778E-002,-.1524724917064518,0.0000000000000000E+000,0.9856717968226949
0.2333333333333333E-004,-.1666666666666667E-002,-.1534323307661374,0.0000000000000000E+000,0.9872037486889925
0.2333333333333333E-004,-.5555555555555557E-003,-.1538610100902874,0.0000000000000000E+000,0.9879784436307135
0.2333333333333333E-004,0.5555555555555557E-003,-.1537658822965755,0.0000000000000000E+000,0.9879932335957651
0.2333333333333333E-004,0.1666666666666666E-002,-.1531552254119530,0.0000000000000000E+000,0.9872467189399264
0.2333333333333333E-004,0.2777777777777777E-002,-.1520386958377248,0.0000000000000000E+000,0.9857387116983422
0.2333333333333333E-004,0.3888888888888889E-002,-.1504277213949256,0.0000000000000000E+000,0.9834702076349282
0.2333333333333333E-004,0.5000000000000000E-002,-.1483357137264713,0.0000000000000000E+000,0.9804433883534109
0.2666666666666667E-004,-.5000000000000000E-002,-.1488834439017435,0.0000000000000000E+000,0.9803579826926777
0.2666666666666667E-004,-.3888888888888889E-002,-.1509254883193572,0.0000000000000000E+000,0.9833914190306414
0.2666666666666667E-004,-.2777777777777778E-002,-.1524230842416995,0.0000000000000000E+000,0.9856767007395133
0.2666666666666667E-004,-.1666666666666667E-002,-.1533827458368598,0.0000000000000000E+000,0.9872086485900444
0.2666666666666667E-004,-.5555555555555557E-003,-.1538112945311748,0.0000000000000000E+000,0.9879833435470108
0.2666666666666667E-004,0.5555555555555557E-003,-.1537160797616209,0.0000000000000000E+000,0.9879981385377296
0.2666666666666667E-004,0.1666666666666666E-002,-.1531053760635174,0.0000000000000000E+000,0.9872516348380630
0.2666666666666667E-004,0.2777777777777777E-002,-.1519888365254773,0.0000000000000000E+000,0.9857436452796857
0.2666666666666667E-004,0.3888888888888889E-002,-.1503778863467167,0.0000000000000000E+000,0.9834751662298821
0.2666666666666667E-004,0.5000000000000000E-002,-.1482859358128960,0.0000000000000000E+000,0.9804483796254395
