sigTILT,Nrev
 0.1353352832366126E-002,25000
dgamma, x, Sx, Sy, Sz
0.3333333333333333E-005,-.5000000000000000E-002,-.1492195204931824,-.3805656067244859E-005,0.9803153886186776
0.3333333333333333E-005,-.3888888888888889E-002,-.1512647149068059,-.2418389161274175E-005,0.9833486545787941
0.3333333333333333E-005,-.2777777777777778E-002,-.1527652495896078,-.1306672048688429E-005,0.9856337380932400
0.3333333333333333E-005,-.1666666666666667E-002,-.1537276648464285,-.5139432799112095E-006,0.9871654519491286
0.3333333333333333E-005,-.5555555555555557E-003,-.1541588486199022,-.7638712213003306E-007,0.9879398639264448
0.3333333333333333E-005,0.5555555555555557E-003,-.1540662398961579,-.2246950565764929E-007,0.9879543114208477
0.3333333333333333E-005,0.1666666666666666E-002,-.1534582098059230,-.3728468278322328E-006,0.9872073805334776
0.3333333333333333E-005,0.2777777777777777E-002,-.1523444996010615,-.1140438608832662E-005,0.9856988718793239
0.3333333333333333E-005,0.3888888888888889E-002,-.1507365981798315,-.2330453936801804E-005,0.9834297751463899
0.3333333333333333E-005,0.5000000000000000E-002,-.1486479375905703,-.3940162179144811E-005,0.9804022737168889
0.6666666666666667E-005,-.5000000000000000E-002,-.1491720939287288,-.3805696200283928E-005,0.9803227079120391
0.6666666666666667E-005,-.3888888888888889E-002,-.1512169937256492,-.2418324188438984E-005,0.9833559718726693
0.6666666666666667E-005,-.2777777777777778E-002,-.1527172873229913,-.1306516407177096E-005,0.9856410541104353
0.6666666666666667E-005,-.1666666666666667E-002,-.1536795142359989,-.5137134573402483E-006,0.9871727682109752
0.6666666666666667E-005,-.5555555555555557E-003,-.1541105601527073,-.7609963440699202E-007,0.9879471828777138
0.6666666666666667E-005,0.5555555555555557E-003,-.1540178609300279,-.2213979291471260E-007,0.9879616364597553
0.6666666666666667E-005,0.1666666666666666E-002,-.1534097842283491,-.3724890500840437E-006,0.9872147159660420
0.6666666666666667E-005,0.2777777777777777E-002,-.1522960680000720,-.1140066321463781E-005,0.9857062228022125
0.6666666666666667E-005,0.3888888888888889E-002,-.1506881985488615,-.2330081637508207E-005,0.9834371472541955
0.6666666666666667E-005,0.5000000000000000E-002,-.1485996066283499,-.3939807718961002E-005,0.9804096730293347
0.9999999999999999E-005,-.5000000000000000E-002,-.1491246609792788,-.3805713276356128E-005,0.9803295879657358
0.9999999999999999E-005,-.3888888888888889E-002,-.1511692672916480,-.2418236578147638E-005,0.9833628481936055
0.9999999999999999E-005,-.2777777777777778E-002,-.1526693207773352,-.1306338693059012E-005,0.9856479278209570
0.9999999999999999E-005,-.1666666666666667E-002,-.1536313601506686,-.5134622366509609E-006,0.9871796412384443
0.9999999999999999E-005,-.5555555555555557E-003,-.1540622688421457,-.7579150896323856E-007,0.9879540580747714
0.9999999999999999E-005,0.5555555555555557E-003,-.1539694795827563,-.2179027303109423E-007,0.9879685176346640
0.9999999999999999E-005,0.1666666666666666E-002,-.1533613565683619,-.3721123537943064E-006,0.9872216078333227
0.9999999999999999E-005,0.2777777777777777E-002,-.1522476344573484,-.1139676049002518E-005,0.9857131308633161
0.9999999999999999E-005,0.3888888888888889E-002,-.1506397969613959,-.2329692312812400E-005,0.9834440776062804
0.9999999999999999E-005,0.5000000000000000E-002,-.1485512735353174,-.3939437191258991E-005,0.9804166320897869
0.1333333333333333E-004,-.5000000000000000E-002,-.1490772290867758,-.3805707296777912E-005,0.9803360276610671
0.1333333333333333E-004,-.3888888888888889E-002,-.1511215430948567,-.2418126341705619E-005,0.9833692824029264
0.1333333333333333E-004,-.2777777777777778E-002,-.1526213574823736,-.1306138925978099E-005,0.9856543580721187
0.1333333333333333E-004,-.1666666666666667E-002,-.1535832101510626,-.5131896442825635E-006,0.9871860698683964
0.1333333333333333E-004,-.5555555555555557E-003,-.1540139822715292,-.7546277795615106E-007,0.9879604883492041
0.1333333333333333E-004,0.5555555555555557E-003,-.1539211034523748,-.2142098347747294E-007,0.9879749537754624
0.1333333333333333E-004,0.1666666666666666E-002,-.1533129344313796,-.3717167820745087E-006,0.9872280549675445
0.1333333333333333E-004,0.2777777777777777E-002,-.1521992065789491,-.1139267841179894E-005,0.9857195949011655
0.1333333333333333E-004,0.3888888888888889E-002,-.1505914010176561,-.2329286020476217E-005,0.9834505650507548
0.1333333333333333E-004,0.5000000000000000E-002,-.1485029459000896,-.3939050663311879E-005,0.9804231497619004
0.1666666666666667E-004,-.5000000000000000E-002,-.1490298057010524,-.3805678262981978E-005,0.9803420258797145
0.1666666666666667E-004,-.3888888888888889E-002,-.1510738286342424,-.2417993490561484E-005,0.9833752733649890
0.1666666666666667E-004,-.2777777777777778E-002,-.1525734049770117,-.1305917125726896E-005,0.9856603437126276
0.1666666666666667E-004,-.1666666666666667E-002,-.1535350718073170,-.5128957068168871E-006,0.9871920529390839
0.1666666666666667E-004,-.5555555555555557E-003,-.1539657080338600,-.7511347367310496E-007,0.9879664725340191
0.1666666666666667E-004,0.5555555555555557E-003,-.1538727401466096,-.2103196183784584E-007,0.9879809437135393
0.1666666666666667E-004,0.1666666666666666E-002,-.1532645254322081,-.3713023781329669E-006,0.9872340562016036
0.1666666666666667E-004,0.2777777777777777E-002,-.1521507919800906,-.1138841747815245E-005,0.9857256137560961
0.1666666666666667E-004,0.3888888888888889E-002,-.1505430183267864,-.2328862818351514E-005,0.9834566084392192
0.1666666666666667E-004,0.5000000000000000E-002,-.1484546313191354,-.3938648202490544E-005,0.9804292249096208
0.2000000000000000E-004,-.5000000000000000E-002,-.1489823982844508,-.3805626176525615E-005,0.9803475815043519
0.2000000000000000E-004,-.3888888888888889E-002,-.1510261314216918,-.2417838036315245E-005,0.9833808199424292
0.2000000000000000E-004,-.2777777777777778E-002,-.1525254708138598,-.1305673312266283E-005,0.9856658835912185
0.2000000000000000E-004,-.1666666666666667E-002,-.1534869527037418,-.5125804510054572E-006,0.9871975892892607
0.2000000000000000E-004,-.5555555555555557E-003,-.1539174537361982,-.7474362856258875E-007,0.9879720094609183
0.2000000000000000E-004,0.5555555555555557E-003,-.1538243972872430,-.2062324584563861E-007,0.9879864862790224
0.2000000000000000E-004,0.1666666666666666E-002,-.1532161371998726,-.3708691853170056E-006,0.9872396103693176
0.2000000000000000E-004,0.2777777777777777E-002,-.1521023982896834,-.1138397818858883E-005,0.9857311862680761
0.2000000000000000E-004,0.3888888888888889E-002,-.1504946565108618,-.2328422764421367E-005,0.9834622066214066
0.2000000000000000E-004,0.5000000000000000E-002,-.1484063374014414,-.3938229876316431E-005,0.9804348563977062
0.2333333333333333E-004,-.5000000000000000E-002,-.1489350143164288,-.3805551039104269E-005,0.9803526934170854
0.2333333333333333E-004,-.3888888888888889E-002,-.1509784589869639,-.2417659990739512E-005,0.9833859209976545
0.2333333333333333E-004,-.2777777777777778E-002,-.1524775625638003,-.1305407505745800E-005,0.9856709765551359
0.2333333333333333E-004,-.1666666666666667E-002,-.1534388604432211,-.5122439037944910E-006,0.9872026777559096
0.2333333333333333E-004,-.5555555555555557E-003,-.1538692270046942,-.7435327526543831E-007,0.9879770979617605
0.2333333333333333E-004,0.5555555555555557E-003,-.1537760825151533,-.2019487341915644E-007,0.9879915803021611
0.2333333333333333E-004,0.1666666666666666E-002,-.1531677773820010,-.3704172471513927E-006,0.9872447163026975
0.2333333333333333E-004,0.2777777777777777E-002,-.1520540331549035,-.1137936104436690E-005,0.9857363112755174
0.2333333333333333E-004,0.3888888888888889E-002,-.1504463232098827,-.2327965916853876E-005,0.9834673584467448
0.2333333333333333E-004,0.5000000000000000E-002,-.1483580717732827,-.3937795752516606E-005,0.9804400430906806
0.2666666666666667E-004,-.5000000000000000E-002,-.1488876612981601,-.3805452852562077E-005,0.9803573604990368
0.2666666666666667E-004,-.3888888888888889E-002,-.1509308188824101,-.2417459365796270E-005,0.9833905753927941
0.2666666666666667E-004,-.2777777777777778E-002,-.1524296878209283,-.1305119726527232E-005,0.9856756214514441
0.2666666666666667E-004,-.1666666666666667E-002,-.1533908026521585,-.5118860923521621E-006,0.9872073171751364
0.2666666666666667E-004,-.5555555555555557E-003,-.1538210354890624,-.7394244664576644E-007,0.9879817368666741
0.2666666666666667E-004,0.5555555555555557E-003,-.1537278034947972,-.1974688269761371E-007,0.9879962246114253
0.2666666666666667E-004,0.1666666666666666E-002,-.1531194536498284,-.3699466073799874E-006,0.9872493728332350
0.2666666666666667E-004,0.2777777777777777E-002,-.1520057042462635,-.1137456654897996E-005,0.9857409876168078
0.2666666666666667E-004,0.3888888888888889E-002,-.1503980260866105,-.2327492334051539E-005,0.9834720627644722
0.2666666666666667E-004,0.5000000000000000E-002,-.1483098420828056,-.3937345899075903E-005,0.9804447838516711
