sigTILT,Nrev
 0.1353352832366126E-004,25000
dgamma, x, Sx, Sy, Sz
0.3333333333333333E-005,-.5000000000000000E-002,-.1492261804697118,0.4780849484312967E-007,0.9803143094557591
0.3333333333333333E-005,-.3888888888888889E-002,-.1512701921404825,0.2904935290965273E-007,0.9833477729434460
0.3333333333333333E-005,-.2777777777777778E-002,-.1527693996565107,0.1475306461288764E-007,0.9856330751127813
0.3333333333333333E-005,-.1666666666666667E-002,-.1537303237092952,0.5169687954693156E-008,0.9871650308219085
0.3333333333333333E-005,-.5555555555555557E-003,-.1541598022033817,0.4772638062498420E-009,0.9879397143376480
0.3333333333333333E-005,0.5555555555555557E-003,-.1540652069456778,0.7773585805152241E-009,0.9879544717377926
0.3333333333333333E-005,0.1666666666666666E-002,-.1534548370840239,0.6090985075506595E-008,0.9872078978176191
0.3333333333333333E-005,0.2777777777777777E-002,-.1523383690650138,0.1635491741911972E-007,0.9856997997688960
0.3333333333333333E-005,0.3888888888888889E-002,-.1507272465360562,0.3141838615543023E-007,0.9834311696486377
0.3333333333333333E-005,0.5000000000000000E-002,-.1486348892354445,0.5104020645377327E-007,0.9804041869680464
0.6666666666666667E-005,-.5000000000000000E-002,-.1491772005951828,0.4780780041084768E-007,0.9803218611103471
0.6666666666666667E-005,-.3888888888888889E-002,-.1512209272693645,0.2904950096897333E-007,0.9833553260215822
0.6666666666666667E-005,-.2777777777777778E-002,-.1527199011994894,0.1475385848558521E-007,0.9856406293472552
0.6666666666666667E-005,-.1666666666666667E-002,-.1536806421788703,0.5170961211567273E-008,0.9871725867717900
0.6666666666666667E-005,-.5555555555555557E-003,-.1541099857641100,0.4788844483410305E-009,0.9879472735103683
0.6666666666666667E-005,0.5555555555555557E-003,-.1540153005537915,0.7792323064558257E-009,0.9879620366172600
0.6666666666666667E-005,0.1666666666666666E-002,-.1534048821580894,0.6093058228610377E-008,0.9872154718183026
0.6666666666666667E-005,0.2777777777777777E-002,-.1522884036655947,0.1635717976856898E-007,0.9857073871205898
0.6666666666666667E-005,0.3888888888888889E-002,-.1506773060768682,0.3142087322399075E-007,0.9834387752080067
0.6666666666666667E-005,0.5000000000000000E-002,-.1485850077879610,0.5104300066123654E-007,0.9804118159508221
0.9999999999999999E-005,-.5000000000000000E-002,-.1491282129505868,0.4780704905879250E-007,0.9803289772697649
0.9999999999999999E-005,-.3888888888888889E-002,-.1511716558641227,0.2904959175604463E-007,0.9833624418714482
0.9999999999999999E-005,-.2777777777777778E-002,-.1526703972590518,0.1475459514674552E-007,0.9856477450196401
0.9999999999999999E-005,-.1666666666666667E-002,-.1536309560192677,0.5172177586780709E-008,0.9871797032317181
0.9999999999999999E-005,-.5555555555555557E-003,-.1540601653508032,0.4804486591000413E-009,0.9879543926735542
0.9999999999999999E-005,0.5555555555555557E-003,-.1539653906474500,0.7810500263367618E-009,0.9879691613775138
0.9999999999999999E-005,0.1666666666666666E-002,-.1533549239879648,0.6095075639161913E-008,0.9872226059984872
0.9999999999999999E-005,0.2777777777777777E-002,-.1522384351089723,0.1635938635424879E-007,0.9857145353552857
0.9999999999999999E-005,0.3888888888888889E-002,-.1506273623673381,0.3142330411963662E-007,0.9834459427558796
0.9999999999999999E-005,0.5000000000000000E-002,-.1485351228136022,0.5104573782375809E-007,0.9804190084246851
0.1333333333333333E-004,-.5000000000000000E-002,-.1490792256884139,0.4780624078033037E-007,0.9803356567062709
0.1333333333333333E-004,-.3888888888888889E-002,-.1511223861272605,0.2904962518893664E-007,0.9833691192443785
0.1333333333333333E-004,-.2777777777777778E-002,-.1526208960786302,0.1475527445661857E-007,0.9856544208657715
0.1333333333333333E-004,-.1666666666666667E-002,-.1535812735057574,0.5173336895503582E-008,0.9871863789269663
0.1333333333333333E-004,-.5555555555555557E-003,-.1540103492617258,0.4819562165273312E-009,0.9879610705465312
0.1333333333333333E-004,0.5555555555555557E-003,-.1539154855395199,0.7828114840607170E-009,0.9879758447361974
0.1333333333333333E-004,0.1666666666666666E-002,-.1533049708933534,0.6097037015167306E-008,0.9872292990787527
0.1333333333333333E-004,0.2777777777777777E-002,-.1521884717144249,0.1636153684153162E-007,0.9857212432005729
0.1333333333333333E-004,0.3888888888888889E-002,-.1505774237195334,0.3142567845333781E-007,0.9834526710309017
0.1333333333333333E-004,0.5000000000000000E-002,-.1484852426109288,0.5104841748116990E-007,0.9804257631449613
0.1666666666666667E-004,-.5000000000000000E-002,-.1490302469687042,0.4780537556860327E-007,0.9803418981933788
0.1666666666666667E-004,-.3888888888888889E-002,-.1510731262696177,0.2904960118546903E-007,0.9833753568938467
0.1666666666666667E-004,-.2777777777777778E-002,-.1525714059105447,0.1475589627515772E-007,0.9856606556238729
0.1666666666666667E-004,-.1666666666666667E-002,-.1535316029225929,0.5174438952543343E-008,0.9871926125837976
0.1666666666666667E-004,-.5555555555555557E-003,-.1539605458043992,0.4834068982157312E-009,0.9879673058503272
0.1666666666666667E-004,0.5555555555555557E-003,-.1538655935521495,0.7845164230832503E-009,0.9879820854128959
0.1666666666666667E-004,0.1666666666666666E-002,-.1532550312029208,0.6098942064150936E-008,0.9872355497805457
0.1666666666666667E-004,0.2777777777777777E-002,-.1521385218100701,0.1636363089529032E-007,0.9857275093862751
0.1666666666666667E-004,0.3888888888888889E-002,-.1505274984538943,0.3142799583557500E-007,0.9834589587743592
0.1666666666666667E-004,0.5000000000000000E-002,-.1484353754859142,0.5105103917276531E-007,0.9804320788677188
0.2000000000000000E-004,-.5000000000000000E-002,-.1489812849633795,0.4780445341653502E-007,0.9803477005049612
0.2000000000000000E-004,-.3888888888888889E-002,-.1510238845146319,0.2904951966314636E-007,0.9833811535735821
0.2000000000000000E-004,-.2777777777777778E-002,-.1525219350200040,0.1475646046189104E-007,0.9856664480309567
0.2000000000000000E-004,-.1666666666666667E-002,-.1534819525676483,0.5175483572220950E-008,0.9871984029296750
0.2000000000000000E-004,-.5555555555555557E-003,-.1539107632997947,0.4848004811908759E-009,0.9879730973049783
0.2000000000000000E-004,0.5555555555555557E-003,-.1538157230209352,0.7861645862227398E-009,0.9879878821262147
0.2000000000000000E-004,0.1666666666666666E-002,-.1532051132589322,0.6100790492937216E-008,0.9872413568265972
0.2000000000000000E-004,0.2777777777777777E-002,-.1520885937369603,0.1636566817962062E-007,0.9857333326414994
0.2000000000000000E-004,0.3888888888888889E-002,-.1504775949034679,0.3143025587598644E-007,0.9834648047278678
0.2000000000000000E-004,0.5000000000000000E-002,-.1483855297565424,0.5105360243693888E-007,0.9804379543498538
0.2333333333333333E-004,-.5000000000000000E-002,-.1489323478608742,0.4780347431690170E-007,0.9803530624157478
0.2333333333333333E-004,-.3888888888888889E-002,-.1509746691026407,0.2904938053910085E-007,0.9833865080362307
0.2333333333333333E-004,-.2777777777777778E-002,-.1524724916900236,0.1475696687586972E-007,0.9856717968253923
0.2333333333333333E-004,-.1666666666666667E-002,-.1534323307565282,0.5176470568236321E-008,0.9872037486905376
0.2333333333333333E-004,-.5555555555555557E-003,-.1538610100871279,0.4861367417550065E-009,0.9879784436312045
0.2333333333333333E-004,0.5555555555555557E-003,-.1537658822997244,0.7877557154738391E-009,0.9879932335953266
0.2333333333333333E-004,0.1666666666666666E-002,-.1531552254214807,0.6102582007427331E-008,0.9872467189385337
0.2333333333333333E-004,0.2777777777777777E-002,-.1520386958539262,0.1636764835760224E-007,0.9857387116960222
0.2333333333333333E-004,0.3888888888888889E-002,-.1504277214182540,0.3143245818306036E-007,0.9834702076317176
0.2333333333333333E-004,0.5000000000000000E-002,-.1483357137574359,0.5105610681087284E-007,0.9804433883493003
0.2666666666666667E-004,-.5000000000000000E-002,-.1488834438700841,0.4780243826224527E-007,0.9803579826980572
0.2666666666666667E-004,-.3888888888888889E-002,-.1509254882956099,0.2904918373009544E-007,0.9833914190346678
0.2666666666666667E-004,-.2777777777777778E-002,-.1524230842252782,0.1475741537553973E-007,0.9856767007422257
0.2666666666666667E-004,-.1666666666666667E-002,-.1533827458272557,0.5177399753549043E-008,0.9872086485916228
0.2666666666666667E-004,-.5555555555555557E-003,-.1538112945280161,0.4874154553285293E-009,0.9879833435474885
0.2666666666666667E-004,0.5555555555555557E-003,-.1537160797647583,0.7892895518196815E-009,0.9879981385372217
0.2666666666666667E-004,0.1666666666666666E-002,-.1531053760730416,0.6104316312378244E-008,0.9872516348366850
0.2666666666666667E-004,0.2777777777777777E-002,-.1519888365416655,0.1636957109102212E-007,0.9857436452773228
0.2666666666666667E-004,0.3888888888888889E-002,-.1503778863700393,0.3143460236386615E-007,0.9834751662266742
0.2666666666666667E-004,0.5000000000000000E-002,-.1482859358438454,0.5105855183007586E-007,0.9804483796213218
