sigTILT,Nrev
 0.1353352832366127E-001,25000
dgamma, x, Sx, Sy, Sz
0.3333333333333333E-005,-.5000000000000000E-002,-.1489054400494760,-.1181033407301879E-004,0.9803645320620700
0.3333333333333333E-005,-.3888888888888889E-002,-.1510243948215921,-.6612854880115676E-005,0.9833864289926260
0.3333333333333333E-005,-.2777777777777778E-002,-.1525965156185651,-.2722283223242247E-005,0.9856603016248576
0.3333333333333333E-005,-.1666666666666667E-002,-.1536278785519977,-.3448696975476978E-006,0.9871811394437894
0.3333333333333333E-005,-.5555555555555557E-003,-.1541258931419857,0.3395760554350207E-006,0.9879450230324615
0.3333333333333333E-005,0.5555555555555557E-003,-.1540991057890636,-.8142471543183748E-006,0.9879492020556508
0.3333333333333333E-005,0.1666666666666666E-002,-.1535571912486547,-.3910787053063674E-005,0.9871921399254099
0.3333333333333333E-005,0.2777777777777777E-002,-.1525110052668241,-.9008087240599123E-005,0.9856735448954116
0.3333333333333333E-005,0.3888888888888889E-002,-.1509725701625906,-.1611199831674021E-004,0.9833944080306856
0.3333333333333333E-005,0.5000000000000000E-002,-.1489548654061551,-.2516914782209371E-004,0.9803570670703828
0.6666666666666667E-005,-.5000000000000000E-002,-.1488564988769936,-.1181292746122417E-004,0.9803720595871207
0.6666666666666667E-005,-.3888888888888889E-002,-.1509751718981752,-.6615469211687203E-005,0.9833939615720073
0.6666666666666667E-005,-.2777777777777778E-002,-.1525470529207263,-.2724797472066096E-005,0.9856678404003533
0.6666666666666667E-005,-.1666666666666667E-002,-.1535782200049416,-.3472005605390301E-006,0.9871886859218726
0.6666666666666667E-005,-.5555555555555557E-003,-.1540760830272738,0.3374844828541137E-006,0.9879525792637506
0.6666666666666667E-005,0.5555555555555557E-003,-.1540491877647484,-.8160646285904920E-006,0.9879567707055806
0.6666666666666667E-005,0.1666666666666666E-002,-.1535072079763775,-.3912315092702156E-005,0.9871997242473025
0.6666666666666667E-005,0.2777777777777777E-002,-.1524609986420996,-.9009333202582228E-005,0.9856811486075996
0.6666666666666667E-005,0.3888888888888889E-002,-.1509225821544259,-.1611300008685630E-004,0.9834020350952349
0.6666666666666667E-005,0.5000000000000000E-002,-.1489049395162594,-.2516998558629311E-004,0.9803647213765262
0.9999999999999999E-005,-.5000000000000000E-002,-.1488075500382991,-.1181559874639361E-004,0.9803791516235689
0.9999999999999999E-005,-.3888888888888889E-002,-.1509259424619112,-.6618161193431102E-005,0.9834010569387991
0.9999999999999999E-005,-.2777777777777778E-002,-.1524975847225354,-.2727390415457719E-005,0.9856749406306309
0.9999999999999999E-005,-.1666666666666667E-002,-.1535285568061452,-.3496121431967661E-006,0.9871957929222576
0.9999999999999999E-005,-.5555555555555557E-003,-.1540262689302010,0.3353094562089879E-006,0.9879596954895312
0.9999999999999999E-005,0.5555555555555557E-003,-.1539992662386129,-.8179687591865159E-006,0.9879638992305260
0.9999999999999999E-005,0.1666666666666666E-002,-.1534572214870918,-.3913933232270236E-005,0.9872068687344402
0.9999999999999999E-005,0.2777777777777777E-002,-.1524109888822565,-.9010672720608076E-005,0.9856883131830162
0.9999999999999999E-005,0.3888888888888889E-002,-.1508725908804553,-.1611409863459013E-004,0.9834092241287770
0.9999999999999999E-005,0.5000000000000000E-002,-.1488550100020023,-.2517092283887270E-004,0.9803719391625350
0.1333333333333333E-004,-.5000000000000000E-002,-.1487586016777159,-.1181834756521334E-004,0.9803858069473083
0.1333333333333333E-004,-.3888888888888889E-002,-.1508767147066469,-.6620930519337877E-005,0.9834077138473852
0.1333333333333333E-004,-.2777777777777778E-002,-.1524481192599196,-.2730061813403093E-005,0.9856816010541702
0.1333333333333333E-004,-.1666666666666667E-002,-.1534788972255620,-.3521042756046413E-006,0.9872024591719564
0.1333333333333333E-004,-.5555555555555557E-003,-.1539764591465294,0.3330510737578293E-006,0.9879663704296305
0.1333333333333333E-004,0.5555555555555557E-003,-.1539493495241425,-.8199595197859691E-006,0.9879705863480418
0.1333333333333333E-004,0.1666666666666666E-002,-.1534072401039724,-.3915641516814534E-005,0.9872135721060170
0.1333333333333333E-004,0.2777777777777777E-002,-.1523609843123664,-.9012105909267638E-005,0.9856950373476233
0.1333333333333333E-004,0.3888888888888889E-002,-.1508226046596391,-.1611529413977744E-004,0.9834159738676378
0.1333333333333333E-004,0.5000000000000000E-002,-.1488050851682601,-.2517195981625393E-004,0.9803787191803578
0.1666666666666667E-004,-.5000000000000000E-002,-.1487096619469558,-.1182117355204680E-004,0.9803920243351976
0.1666666666666667E-004,-.3888888888888889E-002,-.1508274968345319,-.6623776881537024E-005,0.9834139310546345
0.1666666666666667E-004,-.2777777777777778E-002,-.1523986647775659,-.2732811424407484E-005,0.9856878204113115
0.1666666666666667E-004,-.1666666666666667E-002,-.1534292495420851,-.3546767867175780E-006,0.9872086833987262
0.1666666666666667E-004,-.5555555555555557E-003,-.1539266619813046,0.3307094345546457E-006,0.9879726028057761
0.1666666666666667E-004,0.5555555555555557E-003,-.1538994459440889,-.8220368836014808E-006,0.9879768307772295
0.1666666666666667E-004,0.1666666666666666E-002,-.1533572721591778,-.3917439991257502E-005,0.9872198330822423
0.1666666666666667E-004,0.2777777777777777E-002,-.1523109932661986,-.9013632883409105E-005,0.9857013198286874
0.1666666666666667E-004,0.3888888888888889E-002,-.1507726318193044,-.1611658678295256E-004,0.9834222830502209
0.1666666666666667E-004,0.5000000000000000E-002,-.1487551733275030,-.2517309675603360E-004,0.9803850601831330
0.2000000000000000E-004,-.5000000000000000E-002,-.1486607390095782,-.1182407633873705E-004,0.9803978025644553
0.2000000000000000E-004,-.3888888888888889E-002,-.1507782970601663,-.6626699970092482E-005,0.9834197073169796
0.2000000000000000E-004,-.2777777777777778E-002,-.1523492295330682,-.2735639005333966E-005,0.9856935974418309
0.2000000000000000E-004,-.1666666666666667E-002,-.1533796220480903,-.3573295042366043E-006,0.9872144643312214
0.2000000000000000E-004,-.5555555555555557E-003,-.1538768857529943,0.3282846385401070E-006,0.9879783913388079
0.2000000000000000E-004,0.5555555555555557E-003,-.1538495638346663,-.8242008233204260E-006,0.9879826312363237
0.2000000000000000E-004,0.1666666666666666E-002,-.1533073259986212,-.3919328700378220E-005,0.9872256503852118
0.2000000000000000E-004,0.2777777777777777E-002,-.1522610240906822,-.9015253758132863E-005,0.9857071593536498
0.2000000000000000E-004,0.3888888888888889E-002,-.1507226806994302,-.1611797674535587E-004,0.9834281504153263
0.2000000000000000E-004,0.5000000000000000E-002,-.1487052828042642,-.2517433389702482E-004,0.9803909609245748
0.2333333333333333E-004,-.5000000000000000E-002,-.1486118410455796,-.1182705555441397E-004,0.9804031404136475
0.2333333333333333E-004,-.3888888888888889E-002,-.1507291236150371,-.6629699472826106E-005,0.9834250413903463
0.2333333333333333E-004,-.2777777777777778E-002,-.1522998218016645,-.2738544311252508E-005,0.9856989308860419
0.2333333333333333E-004,-.1666666666666667E-002,-.1533300230538663,-.3600622544867708E-006,0.9872198006975240
0.2333333333333333E-004,-.5555555555555557E-003,-.1538271387982863,0.3257767866355362E-006,0.9879837347496186
0.2333333333333333E-004,0.5555555555555557E-003,-.1537997115503607,-.8264513110462944E-006,0.9879879864442264
0.2333333333333333E-004,0.1666666666666666E-002,-.1532574099858001,-.3921307688773166E-005,0.9872310227342711
0.2333333333333333E-004,0.2777777777777777E-002,-.1522110851505004,-.9016968648805697E-005,0.9857125546501558
0.2333333333333333E-004,0.3888888888888889E-002,-.1506727596571023,-.1611946420895077E-004,0.9834335747008366
0.2333333333333333E-004,0.5000000000000000E-002,-.1486554219397241,-.2517567147930671E-004,0.9803964201589934
0.2666666666666667E-004,-.5000000000000000E-002,-.1485629762552913,-.1183011082529959E-004,0.9804080366585933
0.2666666666666667E-004,-.3888888888888889E-002,-.1506799847521593,-.6632775075151234E-005,0.9834299320307210
0.2666666666666667E-004,-.2777777777777778E-002,-.1522504498803281,-.2741527095287531E-005,0.9857038194817579
0.2666666666666667E-004,-.1666666666666667E-002,-.1532804608918745,-.3628748622858459E-006,0.9872246912239331
0.2666666666666667E-004,-.5555555555555557E-003,-.1537774294763086,0.3231859808352064E-006,0.9879886317578003
0.2666666666666667E-004,0.5555555555555557E-003,-.1537498974681110,-.8287883182389838E-006,0.9879928951178527
0.2666666666666667E-004,0.1666666666666666E-002,-.1532075325069445,-.3923377000841819E-005,0.9872359488493965
0.2666666666666667E-004,0.2777777777777777E-002,-.1521611848322614,-.9018777671048166E-005,0.9857175044435234
0.2666666666666667E-004,0.3888888888888889E-002,-.1506228770711609,-.1612104935646495E-004,0.9834385546441199
0.2666666666666667E-004,0.5000000000000000E-002,-.1486055990959479,-.2517710974424466E-004,0.9804014366388361
