sigTILT,Nrev
 0.1353352832366127E-003,25000
dgamma, x, Sx, Sy, Sz
0.3333333333333333E-005,-.5000000000000000E-002,-.1492293434254002,-.5041070560561448E-006,0.9803138315816139
0.3333333333333333E-005,-.3888888888888889E-002,-.1512721045663317,-.3172502048816151E-006,0.9833474806761037
0.3333333333333333E-005,-.2777777777777778E-002,-.1527703715786051,-.1696979293020571E-006,0.9856329253488629
0.3333333333333333E-005,-.1666666666666667E-002,-.1537306690869535,-.6591874627886835E-007,0.9871649773280768
0.3333333333333333E-005,-.5555555555555557E-003,-.1541598377829526,-.9535153774460589E-008,0.9879397088165452
0.3333333333333333E-005,0.5555555555555557E-003,-.1540652510419897,-.3255937370746540E-008,0.9879544648917430
0.3333333333333333E-005,0.1666666666666666E-002,-.1534552082981392,-.4884091928639741E-007,0.9872078404016095
0.3333333333333333E-005,0.2777777777777777E-002,-.1523393849467004,-.1470804144631129E-006,0.9856996436260567
0.3333333333333333E-005,0.3888888888888889E-002,-.1507292221978868,-.2977713654923335E-006,0.9834308687210327
0.3333333333333333E-005,0.5000000000000000E-002,-.1486381359226036,-.4996727213749790E-006,0.9804036982640929
0.6666666666666667E-005,-.5000000000000000E-002,-.1491819141022805,-.5040561787641932E-006,0.9803211518252700
0.6666666666666667E-005,-.3888888888888889E-002,-.1512243808618114,-.3171874382757451E-006,0.9833547987585953
0.6666666666666667E-005,-.2777777777777778E-002,-.1527224073126666,-.1696242924981292E-006,0.9856402419542427
0.6666666666666667E-005,-.1666666666666667E-002,-.1536825171982081,-.6583568141479278E-007,0.9871722939524784
0.6666666666666667E-005,-.5555555555555557E-003,-.1541115488727072,-.9444366453246271E-008,0.9879470278907286
0.6666666666666667E-005,0.5555555555555557E-003,-.1540168725061857,-.3159312362621481E-008,0.9879617898097577
0.6666666666666667E-005,0.1666666666666666E-002,-.1534067839884712,-.4874051433560626E-007,0.9872151754738566
0.6666666666666667E-005,0.2777777777777777E-002,-.1522909553390318,-.1469785319543726E-006,0.9857069939625349
0.6666666666666667E-005,0.3888888888888889E-002,-.1506808250905262,-.2976706996798343E-006,0.9834382400403786
0.6666666666666667E-005,0.5000000000000000E-002,-.1485898077266511,-.4995765758422347E-006,0.9804110966227941
0.9999999999999999E-005,-.5000000000000000E-002,-.1491344783974540,-.5039974226124438E-006,0.9803280328279433
0.9999999999999999E-005,-.3888888888888889E-002,-.1511766519089736,-.3171168223140352E-006,0.9833616758667386
0.9999999999999999E-005,-.2777777777777778E-002,-.1526744387719539,-.1695428518218639E-006,0.9856471162515782
0.9999999999999999E-005,-.1666666666666667E-002,-.1536343618374931,-.6574487019352836E-007,0.9871791673415138
0.9999999999999999E-005,-.5555555555555557E-003,-.1540632571201134,-.9345899315911741E-008,0.9879539032105396
0.9999999999999999E-005,0.5555555555555557E-003,-.1539684915880783,-.3055080760437158E-008,0.9879686708641259
0.9999999999999999E-005,0.1666666666666666E-002,-.1533583575932151,-.4863258066999899E-007,0.9872220669815209
0.9999999999999999E-005,0.2777777777777777E-002,-.1522425237851460,-.1468692012085601E-006,0.9857139014385390
0.9999999999999999E-005,0.3888888888888889E-002,-.1506324260218975,-.2975626662770574E-006,0.9834451696056685
0.9999999999999999E-005,0.5000000000000000E-002,-.1485414773963092,-.4994731404566826E-006,0.9804180547311990
0.1333333333333333E-004,-.5000000000000000E-002,-.1490870437533988,-.5039307969693816E-006,0.9803344734707725
0.1333333333333333E-004,-.3888888888888889E-002,-.1511289251983327,-.3170383672806110E-006,0.9833681108618211
0.1333333333333333E-004,-.2777777777777778E-002,-.1526264734865739,-.1694536185141286E-006,0.9856535470883834
0.1333333333333333E-004,-.1666666666666667E-002,-.1535862105657026,-.6564632480775942E-007,0.9871855963322689
0.1333333333333333E-004,-.5555555555555557E-003,-.1540149701085373,-.9239765487426843E-008,0.9879603336073985
0.1333333333333333E-004,0.5555555555555557E-003,-.1539201158855900,-.2943256605677805E-008,0.9879751068845887
0.1333333333333333E-004,0.1666666666666666E-002,-.1533099367175990,-.4851713324102894E-007,0.9872285137570078
0.1333333333333333E-004,0.2777777777777777E-002,-.1521940978907505,-.1467524380826368E-006,0.9857203648926788
0.1333333333333333E-004,0.3888888888888889E-002,-.1505840325917723,-.2974472820240609E-006,0.9834516562648808
0.1333333333333333E-004,0.5000000000000000E-002,-.1484931525197529,-.4993624327700586E-006,0.9804245714527864
0.1666666666666667E-004,-.5000000000000000E-002,-.1490396176203396,-.5038563112278300E-006,0.9803404726351553
0.1666666666666667E-004,-.3888888888888889E-002,-.1510812082292713,-.3169520834880115E-006,0.9833741026079548
0.1666666666666667E-004,-.2777777777777778E-002,-.1525785189957573,-.1693566038458859E-006,0.9856595333131746
0.1666666666666667E-004,-.1666666666666667E-002,-.1535380709531949,-.6554005748098150E-007,0.9871915797629854
0.1666666666666667E-004,-.5555555555555557E-003,-.1539666954310576,-.9125978123602583E-008,0.9879663179142718
0.1666666666666667E-004,0.5555555555555557E-003,-.1538717530064018,-.2823853970146719E-008,0.9879810967027051
0.1666666666666667E-004,0.1666666666666666E-002,-.1532615289762072,-.4839418702977349E-007,0.9872345146332850
0.1666666666666667E-004,0.2777777777777777E-002,-.1521456852707003,-.1466282584626272E-006,0.9857263831651676
0.1666666666666667E-004,0.3888888888888889E-002,-.1505356524088811,-.2973245636903178E-006,0.9834576988698068
0.1666666666666667E-004,0.5000000000000000E-002,-.1484448406929137,-.4992444703633359E-006,0.9804306456516646
0.2000000000000000E-004,-.5000000000000000E-002,-.1489922074611296,-.5037739748116997E-006,0.9803460292037008
0.2000000000000000E-004,-.3888888888888889E-002,-.1510335085141023,-.3168579812831257E-006,0.9833796499677000
0.2000000000000000E-004,-.2777777777777778E-002,-.1525305828524701,-.1692518191252402E-006,0.9856650737746006
0.2000000000000000E-004,-.1666666666666667E-002,-.1534899505844493,-.6542608047529674E-007,0.9871971164720991
0.2000000000000000E-004,-.5555555555555557E-003,-.1539184406948228,-.9004550419371325E-008,0.9879718549630004
0.2000000000000000E-004,0.5555555555555557E-003,-.1538234105722111,-.2696886964802801E-008,0.9879866391485542
0.2000000000000000E-004,0.1666666666666666E-002,-.1532131419978492,-.4826375705627155E-007,0.9872400684442209
0.2000000000000000E-004,0.2777777777777777E-002,-.1520972935535570,-.1464966782733765E-006,0.9857319550961795
0.2000000000000000E-004,0.3888888888888889E-002,-.1504872930948539,-.2971945280838178E-006,0.9834632962703275
0.2000000000000000E-004,0.5000000000000000E-002,-.1483965495243326,-.4991192708575034E-006,0.9804362761928010
0.2333333333333333E-004,-.5000000000000000E-002,-.1489448207557335,-.5036837971821940E-006,0.9803511420585956
0.2333333333333333E-004,-.3888888888888889E-002,-.1509858335830273,-.3167560710542570E-006,0.9833847518033799
0.2333333333333333E-004,-.2777777777777778E-002,-.1524826726279304,-.1691392757045400E-006,0.9856701673197963
0.2333333333333333E-004,-.1666666666666667E-002,-.1534418570626087,-.6530440609906483E-007,0.9872022052966821
0.2333333333333333E-004,-.5555555555555557E-003,-.1538702135260414,-.8875495617086565E-008,0.9879769435852310
0.2333333333333333E-004,0.5555555555555557E-003,-.1537750962238185,-.2562369748585340E-008,0.9879917330523831
0.2333333333333333E-004,0.1666666666666666E-002,-.1531647834299249,-.4812585838881756E-007,0.9872451740218463
0.2333333333333333E-004,0.2777777777777777E-002,-.1520489303862188,-.1463577134882257E-006,0.9857370795245235
0.2333333333333333E-004,0.3888888888888889E-002,-.1504389622892337,-.2970571920618776E-006,0.9834684473158708
0.2333333333333333E-004,0.5000000000000000E-002,-.1483482866397981,-.4989868519240069E-006,0.9804414619408531
0.2666666666666667E-004,-.5000000000000000E-002,-.1488974650057728,-.5035857878440238E-006,0.9803558100806052
0.2666666666666667E-004,-.3888888888888889E-002,-.1509381909888265,-.3166463632381306E-006,0.9833894069768071
0.2666666666666667E-004,-.2777777777777778E-002,-.1524347959165814,-.1690189849879877E-006,0.9856748127956980
0.2666666666666667E-004,-.1666666666666667E-002,-.1533937980143027,-.6517504671474809E-007,0.9872068450729271
0.2666666666666667E-004,-.5555555555555557E-003,-.1538220215745422,-.8738827014795866E-008,0.9879815826113496
0.2666666666666667E-004,0.5555555555555557E-003,-.1537268176256046,-.2420316537245963E-008,0.9879963772427063
0.2666666666666667E-004,0.1666666666666666E-002,-.1531164609434480,-.4798050615337417E-007,0.9872498301976979
0.2666666666666667E-004,0.2777777777777777E-002,-.1520006034387566,-.1462113801390709E-006,0.9857417552880247
0.2666666666666667E-004,0.3888888888888889E-002,-.1503906676543684,-.2969125725414909E-006,0.9834731508558648
0.2666666666666667E-004,0.5000000000000000E-002,-.1483000596869702,-.4988472312947672E-006,0.9804462017591516
